# lambda [Ang], Cext [nm^2]
100020.756764226 15071.924080038
100120.689543927 15708.337745984
100220.617672277 16389.146654603
100320.547002020 17119.633458705
100410.488436786 17904.845472097
100510.417749815 18747.748769023
100610.346510032 19657.294751459
100710.280582198 20639.151495129
100800.217886195 21704.675497558
100900.147509462 22860.014076720
101000.080794012 24116.872592447
101100.010592128 25488.638798311
101199.942888175 26992.498865799
101299.870538009 28642.410532122
101399.799478983 30461.340005259
101499.735663391 32476.757928819
101589.670837607 34716.658246229
101689.600254777 37212.585820984
101789.535301185 40013.159081123
101889.462201654 43167.315691515
101999.387550738 46738.025790609
102099.315892513 50818.508149058
102199.247526122 55496.405278570
102299.181860513 60915.483210406
102399.111726635 67240.268454188
102499.043148387 74682.886535235
102598.968891315 83544.419516244
102698.901790407 94228.604847525
102808.826419598 107245.893345165
102908.757735588 123411.985107932
103008.687710490 143846.199618367
103108.622578802 170153.972945225
103208.548230679 204904.342078232
103318.473734300 252081.854736589
103418.405281568 317986.146997097
103518.332586240 412490.300038766
103628.256599371 549217.710042736
103728.192994819 737549.044402552
103838.117481150 960290.449967474
103938.046897352 1183912.878536604
104037.975963148 1431515.338847155
104147.902788785 1692031.231625156
104247.828052005 1770512.238399635
104357.755539654 1569237.706322116
104457.688422922 1294475.733012022
104567.606981986 1082967.503620656
104677.534050007 907914.762628255
104777.465940125 743085.653542710
104887.386956397 611164.060227858
104987.320390704 519176.644211475
105097.239641057 455209.146840172
105207.163970856 413984.029008367
105307.094143162 394045.647905753
105417.019795316 390256.787196868
105526.948444280 394285.775502085
105636.872280545 397440.687513783
105736.802821555 405716.244782974
105846.722604174 437786.963043235
105956.649726993 498408.367102358
106066.569262981 574003.387200116
106176.494705527 635860.835448883
106286.418259654 625757.015378143
106396.346379635 533597.291890864
106506.263932710 429623.922964389
106616.191911811 356897.014636689
106726.115125697 318297.256872096
106836.040114182 307615.646467823
106945.966225292 321226.887821601
107055.885426180 360378.526524714
107165.811609729 430936.980283846
107275.736790353 544084.258747001
107385.660304953 714977.690459092
107495.581410794 953504.727840625
107605.506739001 1215923.618462579
107715.428309721 1362307.168166034
107835.346956951 1284448.295072197
107945.271771770 1059934.117783240
108055.198110304 845827.694221299
108165.117803515 707675.744232643
108285.033215989 615998.765817496
108394.957760572 516962.291357945
108504.880997526 408655.899425202
108624.800671058 318026.753440546
108734.724449282 253971.821233533
108854.640345930 211804.068563742
108964.561658468 185301.200907826
109084.485626752 169451.421816605
109194.409147562 160306.416393851
109314.322877027 156607.356862522
109424.245588273 160643.519822867
109544.161057394 175598.730682068
109654.087767052 205890.212086140
109774.001775275 258263.888315068
109893.924793816 339144.924386465
110003.846635545 437814.438195527
110123.763431284 494168.911544210
110243.679054121 447333.386324504
110353.604699765 342461.121314651
110473.516956140 247729.486944583
110593.441103443 181253.653508414
110713.352900750 137064.317533738
110833.274980500 107438.320564861
110953.190795171 87024.787196822
111063.116164996 72448.342790810
111183.026812418 61610.761975088
111302.944387751 53216.826880647
111422.860311662 46542.122218680
111542.781580241 41192.936915713
111662.699449017 36861.496613555
111782.613145962 33287.930714162
111912.521065897 30292.570284328
112032.445155233 27749.630357374
112152.362465712 25570.079835964
112272.272085525 23677.892136522
112392.189279039 22020.328506556
112512.113230115 20559.931888551
112642.019925333 19257.900350381
112761.935894855 18095.777988653
112881.856130327 17050.886931931
113001.771708058 16104.542828305
113131.680378454 15244.504358333
113251.597229195 14461.436723255
113381.508767511 13742.194204785
113501.423301252 13083.602892519
113621.345390474 12477.054763544
113751.250935251 11913.678113488
113871.165521024 11393.223008563
114001.081007652 10908.394821438
114130.986605179 10456.259628576
114250.906375470 10035.303443567
114380.816265847 9640.791407524
114500.736364434 9271.589716654
114630.646852596 8924.295924004
114760.550837339 8597.105510769
114880.471239133 8289.820117666
115010.378549447 7999.191401385
115140.293214345 7724.508495857
115270.197356186 7465.512380813
115400.106878123 7217.980782203
115530.020824394 6985.209123896
115649.938817174 6763.775179147
115779.844791537 6553.482951901
115909.760824294 6352.168809350
116039.668931951 6162.026720009
116169.576632771 5979.184541426
116299.491562181 5805.113278319
116429.395518767 5639.379786158
116569.297799478 5480.468557432
116699.207704749 5327.674374343
116829.120886187 5183.039447376
116959.027727960 5043.304717172
117088.944645329 4909.678567899
117228.846136263 4781.080712149
117358.750127337 4657.897748988
117488.661284958 4539.359147624
117628.569444183 4425.001640892
117758.479040420 4315.970836934
117888.384170206 4210.439880891
118028.289228105 4109.454214852
118158.204377540 4011.491269174
118298.101037818 3917.096385392
118428.013321587 3826.316243623
118567.914950058 3738.464100666
118697.829202538 3653.737202262
118837.731484199 3571.612348819
118977.630677140 3492.719714740
119107.542254599 3416.269197675
119247.444525524 3342.071990126
119387.349399802 3270.674684346
119527.255689995 3201.419336133
119657.159404754 3134.531111401
119797.069160981 3069.787859828
119936.967817200 3006.663386585
120076.872568314 2945.637535598
