# lambda [Ang], Cext [nm^2]
125003.46015 51781.79518
124853.56267 53124.89621
124703.66811 54524.63962
124553.77772 55984.36074
124403.87307 57502.35151
124253.98495 59084.70368
124104.08531 60739.52386
123954.18514 62455.64050
123804.29566 64249.53321
123654.39852 66124.99840
123514.49168 68064.65013
123364.59791 70102.21219
123214.70051 72234.50884
123074.79367 74458.51619
122924.89742 76789.43484
122784.99532 79231.66657
122635.10530 81784.37172
122485.20847 84472.29236
122345.30490 87283.26342
122205.39751 90234.59098
122055.50605 93344.74596
121915.59837 96612.67596
121765.69965 100058.51735
121625.79630 103682.02238
121485.89486 107506.97270
121345.99637 111537.27224
121196.10174 115814.41675
121056.19819 120328.92604
120916.29168 125106.80948
120776.39265 130171.25873
120636.48365 135565.83034
120496.58435 141273.01008
120356.67734 147356.35729
120216.77306 153853.30296
120076.87257 160760.58999
119936.96782 168151.21476
119797.06916 176076.78679
119657.15940 184544.23642
119527.25569 193631.81239
119387.34940 203416.83786
119247.44453 213949.64587
119107.54225 225334.01197
118977.63068 237647.52594
118837.73148 250953.71993
118697.82920 265449.53130
118567.91495 281215.31581
118428.01332 298406.60638
118298.10104 317202.53068
118158.20438 337849.86235
118028.28923 360566.27800
117888.38417 385539.64263
117758.47904 413319.87716
117628.56944 444076.73968
117488.66128 478535.61386
117358.75013 517101.16099
117228.84614 560403.07341
117088.94465 609442.58943
116959.02773 665099.55873
116829.12089 728773.72322
116699.20770 801571.80665
116569.29780 886455.41641
116429.39552 984972.93947
116299.49156 1100629.12127
116169.57663 1238027.48395
116039.66893 1402723.54223
115909.76082 1601022.62397
115779.84479 1845337.94492
115649.93882 2147750.70539
115530.02082 2530331.62425
115400.10688 3020712.41683
115270.19736 3667180.14569
115140.29321 4530461.53477
115010.37855 5722873.74422
114880.47124 7415975.78019
114760.55084 9896076.39926
114630.64685 13639475.53361
114500.73636 19340752.47892
114380.81627 27652875.56861
114250.90638 37432476.62487
114130.98661 42856995.71584
114001.08101 38453958.01706
113871.16552 28817692.64576
113751.25094 20250901.35167
113621.34539 14281382.02188
113501.42330 10363197.60714
113381.50877 7769254.50334
113251.59723 6003549.00098
113131.68038 4767438.57457
113001.77171 3875590.18480
112881.85613 3215439.27038
112761.93589 2717405.29367
112642.01993 2335356.44450
112512.11323 2038780.88166
112392.18928 1807859.53969
112272.27209 1628735.48885
112152.36247 1493001.95570
112032.44516 1396050.66659
111912.52107 1336845.78360
111782.61315 1318860.95643
111662.69945 1351242.18335
111542.78158 1452221.21611
111422.86031 1654141.70210
111302.94439 2001886.78167
111183.02681 2516443.82145
111063.11616 3047872.01972
110953.19080 3159571.92562
110833.27498 2693646.59818
110713.35290 2060835.06982
110593.44110 1557144.01570
110473.51696 1212840.12766
110353.60470 982339.52140
110243.67905 825705.82090
110123.76343 716373.17075
110003.84664 638521.91575
109893.92479 582877.20986
109774.00178 544073.53383
109654.08777 519141.74978
109544.16106 507088.23907
109424.24559 508713.01205
109314.32288 526490.75822
109194.40915 564782.82585
109084.48563 629064.68750
108964.56166 728651.92982
108854.64035 881292.09579
108734.72445 1098688.14816
108624.80067 1335385.39427
108504.88100 1450293.19479
108394.95776 1337070.76871
108285.03322 1119860.47300
108165.11780 956185.10294
108055.19811 888518.10379
107945.27177 915085.54326
107835.34696 1023039.56867
107715.42831 1144211.54033
107605.50674 1144809.45059
107495.58141 1008809.35819
107385.66030 857645.42549
107275.73679 744598.75881
107165.81161 660213.42023
107055.88543 593749.34811
106945.96623 534443.06996
106836.04011 479453.67041
106726.11513 427047.95665
106616.19191 379217.83606
106506.26393 338077.39313
106396.34638 304683.87193
106286.41826 279435.26092
106176.49471 261751.86416
106066.56926 251232.18146
105956.64973 247662.63674
105846.72260 249252.22600
105736.80282 252419.56084
105636.87228 251955.03972
105526.94844 247638.34876
105417.01980 244376.51815
105307.09414 243821.87827
105207.16397 245704.91241
105097.23964 249962.05392
104987.32039 258178.25359
104887.38696 276675.06328
104777.46594 309256.35959
104677.53405 352547.28479
104567.60698 406073.06393
104457.68842 462128.76726
104357.75554 478003.71166
104247.82805 422028.63817
104147.90279 332181.11808
104037.97596 254719.72965
103938.04690 200046.49816
103838.11748 163055.55895
103728.19299 137697.27107
103628.25660 119699.92994
103518.33259 106458.57587
103418.40528 96386.80002
103318.47373 88478.75413
103208.54823 82117.65952
103108.62258 76872.64644
103008.68771 72469.29799
102908.75774 68695.00852
102808.82642 65422.17022
102698.90179 62556.83248
102598.96889 59997.47337
102499.04315 57702.30468
102399.11173 55625.71509
102299.18186 53731.45485
102199.24753 51990.36062
102099.31589 50389.14833
101999.38755 48899.23215
101889.46220 47515.59750
101789.53530 46217.08123
101689.60025 44997.10626
101589.67084 43848.56006
101499.73566 42759.16439
101399.79948 41730.15036
101299.87054 40754.54247
101199.94289 39826.55535
101100.01059 38940.46929
101000.08079 38095.67231
100900.14751 37287.06257
100800.21789 36512.35274
100710.28058 35766.02424
100610.34651 35052.54043
100510.41775 34366.22224
100410.48844 33705.95105
100320.54700 33066.74139
100220.61767 32452.54505
100120.68954 31860.55066
100020.75676 31288.56047
