# lambda [Ang], Cext [nm^2]
125003.46015 102430.52253
124853.56267 105587.32875
124703.66811 108842.40710
124553.77772 112239.70347
124403.87307 115804.53035
124253.98495 119543.74394
124104.08531 123479.89533
123954.18514 127596.21880
123804.29566 131924.27718
123654.39852 136487.94864
123514.49168 141248.41467
123364.59791 146286.39326
123214.70051 151603.73624
123074.79367 157201.03096
122924.89742 163117.41858
122784.99532 169375.53986
122635.10530 175981.89061
122485.20847 183002.93975
122345.30490 190427.86842
122205.39751 198306.89024
122055.50605 206699.22896
121915.59837 215622.25625
121765.69965 225141.92264
121625.79630 235281.67671
121485.89486 246125.60800
121345.99637 257708.36887
121196.10174 270165.23577
121056.19819 283516.45228
120916.29168 297862.41734
120776.39265 313314.11412
120636.48365 330043.76390
120496.58435 348063.85878
120356.67734 367621.28502
120216.77306 388908.20043
120076.87257 412005.65077
119936.96782 437244.10486
119797.06916 464912.38715
119657.15940 495184.45866
119527.25569 528489.44923
119387.34940 565290.18282
119247.44453 606016.76638
119107.54225 651328.56302
118977.63068 701909.00691
118837.73148 758401.53806
118697.82920 822127.15486
118567.91495 894138.16576
118428.01332 975862.74680
118298.10104 1069210.00480
118158.20438 1176604.02371
118028.28923 1300843.34802
117888.38417 1445118.70166
117758.47904 1615289.23714
117628.56944 1816269.81735
117488.66128 2057568.69886
117358.75013 2349377.41955
117228.84614 2706028.70959
117088.94465 3149543.04986
116959.02773 3708409.36855
116829.12089 4426487.11590
116699.20770 5362442.78084
116569.29780 6625454.13812
116429.39552 8356523.41284
116299.49156 10808164.09046
116169.57663 14399783.91334
116039.66893 19810742.92529
115909.76082 28021944.56972
115779.84479 40110447.75982
115649.93882 54636725.84836
115530.02082 63499648.04867
115400.10688 57922138.29479
115270.19736 43735487.72502
115140.29321 30794244.87114
115010.37855 21680968.14173
114880.47124 15681615.83444
114760.55084 11710769.16925
114630.64685 9011998.07342
114500.73636 7122697.66181
114380.81627 5756463.40243
114250.90638 4744945.20361
114130.98661 3976231.35252
114001.08101 3380142.48526
113871.16552 2910387.20595
113751.25094 2533893.64428
113621.34539 2228031.22495
113501.42330 1977073.21255
113381.50877 1769121.09602
113251.59723 1595358.12829
113131.68038 1449504.99073
113001.77171 1326645.57356
112881.85613 1222888.70001
112761.93589 1135740.91809
112642.01993 1063207.92691
112512.11323 1003952.42047
112392.18928 957280.37912
112272.27209 923224.59125
112152.36247 902635.10322
112032.44516 897516.13045
111912.52107 911603.89581
111782.61315 951360.47498
111662.69945 1027588.33585
111542.78158 1158665.75069
111422.86031 1375680.85352
111302.94439 1722649.68988
111183.02681 2231359.68814
111063.11616 2798817.22741
110953.19080 3026839.62999
110833.27498 2661366.30937
110713.35290 2054029.11185
110593.44110 1546921.46762
110473.51696 1199419.84960
110353.60470 970764.31935
110243.67905 819896.39609
110123.76343 718965.38812
110003.84664 651508.59347
109893.92479 608147.49440
109774.00178 583873.72340
109654.08777 576504.68586
109544.16106 586367.27436
109424.24559 616456.18194
109314.32288 672967.44413
109194.40915 766781.04720
109084.48563 914902.03633
108964.56166 1140526.28666
108854.64035 1468161.31971
108734.72445 1900015.99703
108624.80067 2283266.84674
108504.88100 2306916.71581
108394.95776 1993437.80424
108285.03322 1670571.45341
108165.11780 1490642.84240
108055.19811 1427752.83131
107945.27177 1388227.18396
107835.34696 1284688.37784
107715.42831 1136081.64978
107605.50674 1022646.44103
107495.58141 969212.16365
107385.66030 917161.86962
107275.73679 820966.49324
107165.81161 718703.92435
107055.88543 640694.41275
106945.96623 578013.22616
106836.04011 520041.41514
106726.11513 465049.12195
106616.19191 415164.52406
106506.26393 372465.12066
106396.34638 338061.43818
106286.41826 312496.10702
106176.49471 295266.04555
106066.56926 285693.84555
105956.64973 282531.21368
105846.72260 281234.92487
105736.80282 277326.09255
105636.87228 272669.70663
105526.94844 269362.54105
105417.01980 267451.01207
105307.09414 267572.38612
105207.16397 269821.61121
105097.23964 274288.37747
104987.32039 282678.20074
104887.38696 301717.72408
104777.46594 335559.85203
104677.53405 380801.03442
104567.60698 437112.20507
104457.68842 497228.76697
104357.75554 517116.04509
104247.82805 461462.14085
104147.90279 366968.16633
104037.97596 283543.22377
103938.04690 224141.99157
103838.11748 183872.36001
103728.19299 156273.33340
103628.25660 136696.84716
103518.33259 122297.38243
103418.40528 111342.22955
103318.47373 102733.65804
103208.54823 95802.22366
103108.62258 90077.57374
103008.68771 85263.26015
102908.75774 81127.83696
102808.82642 77533.90667
102698.90179 74381.35325
102598.96889 71557.89905
102499.04315 69019.78309
102399.11173 66717.93889
102299.18186 64613.12835
102199.24753 62673.45767
102099.31589 60885.92804
101999.38755 59218.48272
101889.46220 57666.71953
101789.53530 56206.77912
101689.60025 54832.10491
101589.67084 53535.14191
101499.73566 52301.92656
101399.79948 51135.00421
101299.87054 50026.39723
101199.94289 48969.82584
101100.01059 47958.94647
101000.08079 46993.38368
100900.14751 46067.39039
100800.21789 45178.64717
100710.28058 44320.61058
100610.34651 43499.12594
100510.41775 42707.61583
100410.48844 41944.81604
100320.54700 41204.86810
100220.61767 40492.95454
100120.68954 39805.69794
100020.75676 39140.60343
