# lambda [Ang], Cext [nm^2]
125003.46015 309880.59987
124853.56267 322294.47493
124703.66811 335482.21718
124553.77772 349482.35200
124403.87307 364404.33560
124253.98495 380304.22845
124104.08531 397307.85495
123954.18514 415398.88595
123804.29566 434777.83948
123654.39852 455566.32775
123514.49168 477727.31037
123364.59791 501624.74465
123214.70051 527376.05640
123074.79367 555087.45625
122924.89742 585052.98899
122784.99532 617519.39685
122635.10530 652672.42486
122485.20847 690977.74994
122345.30490 732658.53320
122205.39751 778170.93788
122055.50605 828098.84082
121915.59837 882934.30581
121765.69965 943377.72129
121625.79630 1010106.86399
121485.89486 1084182.60485
121345.99637 1166497.43269
121196.10174 1258692.06629
121056.19819 1362083.64760
120916.29168 1478511.68981
120776.39265 1610372.05674
120636.48365 1760907.83812
120496.58435 1932752.83884
120356.67734 2131005.36670
120216.77306 2361471.84995
120076.87257 2630125.87898
119936.96782 2947146.18519
119797.06916 3324898.53149
119657.15940 3777887.76837
119527.25569 4328479.01311
119387.34940 5006825.36011
119247.44453 5853617.05992
119107.54225 6929373.15358
118977.63068 8322767.34965
118837.73148 10158603.98106
118697.82920 12648984.92042
118567.91495 16117074.71287
118428.01332 21084096.22039
118298.10104 28435462.27447
118158.20438 39589061.44044
118028.28923 56464242.93212
117888.38417 79876975.11353
117758.47904 103559374.99891
117628.56944 109473089.36444
117488.66128 91376200.13849
117358.75013 66306769.90611
117228.84614 46457239.41772
117088.94465 33020999.92077
116959.02773 24189325.95849
116829.12089 18283681.90040
116699.20770 14231533.31184
116569.29780 11338416.42695
116429.39552 9234120.31772
116299.49156 7655105.92780
116169.57663 6442200.59252
116039.66893 5493661.64713
115909.76082 4741581.93448
115779.84479 4131496.88806
115649.93882 3633719.86850
115530.02082 3220271.21077
115400.10688 2875023.22727
115270.19736 2582497.55892
115140.29321 2334204.56639
115010.37855 2120649.08922
114880.47124 1936180.93653
114760.55084 1775629.33163
114630.64685 1635335.76461
114500.73636 1512221.90859
114380.81627 1403387.83105
114250.90638 1307297.86925
114130.98661 1221857.43273
114001.08101 1145822.04772
113871.16552 1078122.81177
113751.25094 1017646.48752
113621.34539 963721.66439
113501.42330 915660.54604
113381.50877 873012.93516
113251.59723 835393.50156
113131.68038 802462.64969
113001.77171 774147.49387
112881.85613 750257.35783
112761.93589 730973.30325
112642.01993 716564.60473
112512.11323 707531.40359
112392.18928 704554.50293
112272.27209 708943.83082
112152.36247 722545.06437
112032.44516 748261.40686
111912.52107 790775.61328
111782.61315 857512.84180
111662.69945 960472.70376
111542.78158 1119623.96298
111422.86031 1368065.16708
111302.94439 1749965.66388
111183.02681 2285126.99185
111063.11616 2827589.45055
110953.19080 2964515.43816
110833.27498 2563780.16926
110713.35290 2020955.42291
110593.44110 1612181.32386
110473.51696 1368953.42260
110353.60470 1258622.88833
110243.67905 1260044.83626
110123.76343 1371945.32283
110003.84664 1593367.14126
109893.92479 1851381.71784
109774.00178 1938153.24232
109654.08777 1760291.36280
109544.16106 1512173.81429
109424.24559 1351593.00090
109314.32288 1309557.87250
109194.40915 1385023.77166
109084.48563 1587643.70379
108964.56166 1951353.51465
108854.64035 2526354.85348
108734.72445 3285289.75702
108624.80067 3872458.61817
108504.88100 3764853.99168
108394.95776 3114688.98568
108285.03322 2438285.44113
108165.11780 1946603.95565
108055.19811 1646851.30790
107945.27177 1501095.60557
107835.34696 1448912.70758
107715.42831 1388354.89521
107605.50674 1271293.84246
107495.58141 1154858.90141
107385.66030 1050865.27584
107275.73679 932592.71114
107165.81161 821511.67582
107055.88543 734772.40782
106945.96623 663095.76837
106836.04011 597957.91376
106726.11513 537169.67324
106616.19191 482740.46365
106506.26393 436610.81191
106396.34638 399785.80071
106286.41826 372527.31031
106176.49471 353880.86014
106066.56926 342977.27326
105956.64973 338127.60854
105846.72260 334715.18960
105736.80282 329946.01565
105636.87228 324327.05311
105526.94844 319515.34691
105417.01980 317218.49674
105307.09414 317724.39878
105207.16397 320331.87685
105097.23964 324842.32883
104987.32039 333078.07388
104887.38696 352512.52772
104777.46594 388212.90851
104677.53405 436896.53639
104567.60698 498671.25715
104457.68842 567671.94708
104357.75554 597753.90321
104247.82805 544269.36936
104147.90279 440204.96135
104037.97596 343878.93025
103938.04690 274152.77521
103838.11748 226723.78115
103728.19299 194254.08369
103628.25660 171261.19826
103518.33259 154372.58844
103418.40528 141530.13710
103318.47373 131433.78823
103208.54823 123297.65519
103108.62258 116566.11368
103008.68771 110893.58631
102908.75774 106008.35833
102808.82642 101751.08352
102698.90179 98007.29608
102598.96889 94642.60568
102499.04315 91608.55022
102399.11173 88848.42751
102299.18186 86316.87048
102199.24753 83976.16891
102099.31589 81813.50804
101999.38755 79789.67700
101889.46220 77901.30707
101789.53530 76119.05273
101689.60025 74436.32433
101589.67084 72844.31336
101499.73566 71325.88265
101399.79948 69886.03715
101299.87054 68514.75846
101199.94289 67204.67684
101100.01059 65948.18357
101000.08079 64745.32530
100900.14751 63589.03447
100800.21789 62476.89405
100710.28058 61400.18532
100610.34651 60367.69028
100510.41775 59370.89016
100410.48844 58408.21607
100320.54700 57472.06485
100220.61767 56570.05572
100120.68954 55697.65526
100020.75676 54851.77042
