# lambda [Ang], Cext [nm^2]
125003.46015 22950.18261
124853.56267 23450.10107
124703.66811 23971.21889
124553.77772 24513.89684
124403.87307 25076.41526
124253.98495 25660.36305
124104.08531 26268.25265
123954.18514 26894.71718
123804.29566 27548.87427
123654.39852 28224.95705
123514.49168 28918.75315
123364.59791 29643.41863
123214.70051 30396.59268
123074.79367 31176.51439
122924.89742 31987.77987
122784.99532 32831.17014
122635.10530 33705.40448
122485.20847 34619.18032
122345.30490 35565.83799
122205.39751 36551.18590
122055.50605 37580.83326
121915.59837 38652.08502
121765.69965 39769.17862
121625.79630 40934.25540
121485.89486 42151.42283
121345.99637 43420.24324
121196.10174 44753.20320
121056.19819 46143.13708
120916.29168 47597.18822
120776.39265 49119.73526
120636.48365 50721.94653
120496.58435 52393.94722
120356.67734 54152.66929
120216.77306 56005.21322
120076.87257 57945.58396
119936.96782 59990.74999
119797.06916 62150.16311
119657.15940 64418.57638
119527.25569 66811.56055
119387.34940 69343.32808
119247.44453 72018.11917
119107.54225 74854.58885
118977.63068 77859.30302
118837.73148 81038.13436
118697.82920 84426.55427
118567.91495 88024.18563
118428.01332 91853.58765
118298.10104 95931.37239
118158.20438 100292.48749
118028.28923 104955.15188
117888.38417 109925.36546
117758.47904 115282.63035
117628.56944 121013.36172
117488.66128 127214.55390
117358.75013 133890.85181
117228.84614 141087.92548
117088.94465 148895.02205
116959.02773 157350.18569
116829.12089 166557.82280
116699.20770 176530.20681
116569.29780 187521.10358
116429.39552 199507.95227
116299.49156 212659.58454
116169.57663 227186.92714
116039.66893 243273.18068
115909.76082 261012.45544
115779.84479 280887.00893
115649.93882 303013.76739
115530.02082 327910.52198
115400.10688 355918.71815
115270.19736 387860.44868
115140.29321 424035.35178
115010.37855 465599.34205
114880.47124 513558.53078
114760.55084 569236.34903
114630.64685 634550.02372
114500.73636 711595.31161
114380.81627 803509.04624
114250.90638 914231.64780
114130.98661 1049208.29691
114001.08101 1216285.96575
113871.16552 1425773.27793
113751.25094 1692981.01058
113621.34539 2041730.94873
113501.42330 2505340.69710
113381.50877 3138875.15674
113251.59723 4032003.11833
113131.68038 5325941.70861
113001.77171 7263524.63687
112881.85613 10217922.28757
112761.93589 14613030.40074
112642.01993 20247828.41552
112512.11323 24540400.60035
112392.18928 23521049.36040
112272.27209 18332490.24675
112152.36247 13074401.80867
112032.44516 9302457.68021
111912.52107 6849898.08466
111782.61315 5298233.52415
111662.69945 4346559.95552
111542.78158 3828676.89299
111422.86031 3668404.18124
111302.94439 3806601.61560
111183.02681 4022910.76374
111063.11616 3861290.48194
110953.19080 3215369.40955
110833.27498 2489264.16937
110713.35290 1923189.36018
110593.44110 1525925.51341
110473.51696 1248489.15082
110353.60470 1049269.23350
110243.67905 902280.47931
110123.76343 790880.37643
110003.84664 704811.98132
109893.92479 637728.82411
109774.00178 585659.73648
109654.08777 546075.12150
109544.16106 517818.24962
109424.24559 500939.72340
109314.32288 496435.71823
109194.40915 506157.86582
109084.48563 531074.21917
108964.56166 573161.31891
108854.64035 643652.08451
108734.72445 762063.33292
108624.80067 931961.10437
108504.88100 1089808.89051
108394.95776 1109571.84949
108285.03322 994289.95677
108165.11780 871917.20909
108055.19811 797031.99713
107945.27177 742010.55487
107835.34696 694209.40507
107715.42831 685602.10218
107605.50674 734125.87581
107495.58141 808683.67050
107385.66030 821590.33688
107275.73679 738980.55830
107165.81161 632287.99578
107055.88543 549249.64504
106945.96623 490649.41152
106836.04011 441783.09191
106726.11513 392654.79505
106616.19191 347408.85360
106506.26393 308394.15445
106396.34638 276581.43749
106286.41826 252440.66297
106176.49471 235308.13306
106066.56926 224231.94655
105956.64973 217685.24600
105846.72260 213438.99034
105736.80282 212217.09411
105636.87228 215268.21973
105526.94844 218652.02319
105417.01980 219510.08722
105307.09414 219917.99001
105207.16397 221906.17344
105097.23964 226276.64477
104987.32039 234743.16401
104887.38696 253328.61554
104777.46594 285413.02186
104677.53405 327457.22892
104567.60698 378668.98022
104457.68842 430546.46195
104357.75554 441115.39845
104247.82805 383173.19551
104147.90279 297478.13258
104037.97596 225978.78451
103938.04690 176067.82261
103838.11748 142363.67115
103728.19299 119237.38411
103628.25660 102802.17167
103518.33259 90698.96991
103418.40528 81491.26687
103318.47373 74265.38463
103208.54823 68458.40471
103108.62258 63678.74562
103008.68771 59673.84624
102908.75774 56249.93587
102808.82642 53288.96214
102698.90179 50703.26443
102598.96889 48401.76480
102499.04315 46344.48303
102399.11173 44489.32736
102299.18186 42802.54248
102199.24753 41257.82979
102099.31589 39841.48952
101999.38755 38528.33594
101889.46220 37312.66577
101789.53530 36175.92891
101689.60025 35111.45703
101589.67084 34112.63068
101499.73566 33168.70743
101399.79948 32279.58150
101299.87054 31439.23764
101199.94289 30642.35636
101100.01059 29883.81343
101000.08079 29162.72469
100900.14751 28474.60733
100800.21789 27817.18929
100710.28058 27185.99310
100610.34651 26583.96953
100510.41775 26006.41376
100410.48844 25452.30867
100320.54700 24917.53322
100220.61767 24404.79479
100120.68954 23911.83047
100020.75676 23436.73222
