# lambda [Ang], Cext [nm^2]
125003.46015 24280.40538
124853.56267 24854.38665
124703.66811 25439.89637
124553.77772 26040.38529
124403.87307 26656.91889
124253.98495 27319.20176
124104.08531 27974.05788
123954.18514 28648.97901
123804.29566 29350.63686
123654.39852 30079.84800
123514.49168 30828.24633
123364.59791 31609.98359
123214.70051 32422.61476
123074.79367 33264.31706
122924.89742 34140.06439
122784.99532 35050.77032
122635.10530 35995.10330
122485.20847 36982.42507
122345.30490 38004.83451
122205.39751 39070.36798
122055.50605 40184.18507
121915.59837 41343.48907
121765.69965 42555.36237
121625.79630 43817.02497
121485.89486 45135.71733
121345.99637 46510.96024
121196.10174 47956.35687
121056.19819 49464.28949
120916.29168 51042.53167
120776.39265 52695.91460
120636.48365 54436.16553
120496.58435 56253.74379
120356.67734 58166.53061
120216.77306 60182.41610
120076.87257 62295.00836
119936.96782 64522.91312
119797.06916 66876.56918
119657.15940 69350.51677
119527.25569 71961.84594
119387.34940 74726.25550
119247.44453 77648.63880
119107.54225 80749.54258
118977.63068 84036.57871
118837.73148 87516.37768
118697.82920 91228.00078
118567.91495 95171.63678
118428.01332 99372.23595
118298.10104 103848.65702
118158.20438 108639.52670
118028.28923 113765.56322
117888.38417 119234.12667
117758.47904 125133.17785
117628.56944 131448.81139
117488.66128 138288.24900
117358.75013 145658.30181
117228.84614 153610.28756
117088.94465 162243.87878
116959.02773 171603.27216
116829.12089 181805.27665
116699.20770 192865.87470
116569.29780 205068.31291
116429.39552 218390.15326
116299.49156 233022.47096
116169.57663 249203.13681
116039.66893 267140.17281
115909.76082 286943.99124
115779.84479 309157.70897
115649.93882 333919.43650
115530.02082 361816.66113
115400.10688 393241.34382
115270.19736 429125.78854
115140.29321 469823.10872
115010.37855 516647.59816
114880.47124 570755.69021
114760.55084 633666.16354
114630.64685 707574.70432
114500.73636 794894.70884
114380.81627 899230.82018
114250.90638 1025116.33615
114130.98661 1178832.82792
114001.08101 1369415.60825
113871.16552 1608770.25260
113751.25094 1914579.30714
113621.34539 2314361.69882
113501.42330 2846668.69009
113381.50877 3575202.96360
113251.59723 4603761.44410
113131.68038 6095927.50449
113001.77171 8332995.68432
112881.85613 11747390.27766
112761.93589 16830158.26317
112642.01993 23347176.01106
112512.11323 28302306.64038
112392.18928 27089990.38098
112272.27209 21033782.22078
112152.36247 14884971.97283
112032.44516 10441994.78976
111912.52107 7502189.33951
111782.61315 5565322.92922
111662.69945 4257965.57139
111542.78158 3348208.46921
111422.86031 2694177.33289
111302.94439 2212016.60417
111183.02681 1847811.35054
111063.11616 1566038.20085
110953.19080 1344275.79547
110833.27498 1167277.08765
110713.35290 1023775.87082
110593.44110 906225.21024
110473.51696 809028.43353
110353.60470 727816.53409
110243.67905 659717.56447
110123.76343 602395.27387
110003.84664 554034.80920
109893.92479 513414.76476
109774.00178 479703.87346
109654.08777 452287.70008
109544.16106 431008.04482
109424.24559 416227.48619
109314.32288 408646.49828
109194.40915 409615.11013
109084.48563 420342.50256
108964.56166 443134.16588
108854.64035 484849.90416
108734.72445 556837.61009
108624.80067 662910.71984
108504.88100 770408.29775
108394.95776 803922.93700
108285.03322 743632.03284
108165.11780 655534.20214
108055.19811 593219.88013
107945.27177 562026.06103
107835.34696 560994.68606
107715.42831 604376.99192
107605.50674 698450.34105
107495.58141 806517.35630
107385.66030 832103.27928
107275.73679 741226.40206
107165.81161 618908.25299
107055.88543 526814.91014
106945.96623 470058.49296
106836.04011 425910.24591
106726.11513 378967.24535
106616.19191 335068.78883
106506.26393 297237.90217
106396.34638 266122.45882
106286.41826 242240.70064
106176.49471 224894.18800
106066.56926 213106.87105
105956.64973 205654.75305
105846.72260 201603.51093
105736.80282 202624.89757
105636.87228 208406.31854
105526.94844 213162.95345
105417.01980 213787.56650
105307.09414 213431.51673
105207.16397 214781.39426
105097.23964 218771.50194
104987.32039 227030.38386
104887.38696 245235.87128
104777.46594 276468.32549
104677.53405 317190.89096
104567.60698 366387.62926
104457.68842 415003.70284
104357.75554 422281.47273
104247.82805 364732.26010
104147.90279 282829.15002
104037.97596 215300.65031
103938.04690 168304.97324
103838.11748 136561.95391
103728.19299 114753.46871
103628.25660 99229.58701
103518.33259 87780.25901
103418.40528 79056.68781
103318.47373 72200.75923
103208.54823 66684.12137
103108.62258 62137.58180
103008.68771 58323.55928
102908.75774 55058.86719
102808.82642 52232.40594
102698.90179 49761.72620
102598.96889 47559.97521
102499.04315 45589.78628
102399.11173 43811.29534
102299.18186 42192.57032
102199.24753 40708.59603
102099.31589 39346.68345
101999.38755 38082.68141
101889.46220 36911.43826
101789.53530 35815.12913
101689.60025 34787.52705
101589.67084 33822.41815
101499.73566 32909.44653
101399.79948 32048.78864
101299.87054 31234.64591
101199.94289 30461.95446
101100.01059 29725.80987
101000.08079 29025.44785
100900.14751 28356.55778
100800.21789 27717.01526
100710.28058 27102.42209
100610.34651 26515.85818
100510.41775 25952.71563
100410.48844 25412.05021
100320.54700 24889.82892
100220.61767 24388.82620
100120.68954 23906.82279
100020.75676 23441.97738
