# lambda [Ang], Cext [nm^2]
125003.46015 356069.96667
124853.56267 370482.40981
124703.66811 385770.91290
124553.77772 402023.52431
124403.87307 419288.19735
124253.98495 437682.90120
124104.08531 457344.51297
123954.18514 478270.48154
123804.29566 500686.21176
123654.39852 524735.92697
123514.49168 550376.35290
123364.59791 578030.30596
123214.70051 607821.47182
123074.79367 639897.36911
122924.89742 674574.23672
122784.99532 712149.58326
122635.10530 752837.34056
122485.20847 797177.20880
122345.30490 845426.55342
122205.39751 898115.20900
122055.50605 955918.71696
121915.59837 1019407.82127
121765.69965 1089392.60559
121625.79630 1166658.57373
121485.89486 1252434.11094
121345.99637 1347752.50623
121196.10174 1454512.47256
121056.19819 1574239.54334
120916.29168 1709061.54117
120776.39265 1861750.59716
120636.48365 2036058.28929
120496.58435 2235029.49803
120356.67734 2464564.69268
120216.77306 2731369.92929
120076.87257 3042349.43579
119936.96782 3409265.49305
119797.06916 3846397.07111
119657.15940 4370497.26333
119527.25569 5007376.01911
119387.34940 5791821.32205
119247.44453 6770748.47396
119107.54225 8013907.48789
118977.63068 9623430.61068
118837.73148 11742945.28318
118697.82920 14616461.85388
118567.91495 18615420.23913
118428.01332 24338605.39402
118298.10104 32803265.08364
118158.20438 45640962.15265
118028.28923 65077443.21695
117888.38417 92147490.74351
117758.47904 119888955.35417
117628.56944 127480517.07924
117488.66128 106921329.87720
117358.75013 77732868.47327
117228.84614 54461691.89001
117088.94465 38681601.62535
116959.02773 28309622.11908
116829.12089 21378044.20685
116699.20770 16625288.99656
116569.29780 13234173.68963
116429.39552 10769050.36810
116299.49156 8920125.66894
116169.57663 7500373.53307
116039.66893 6390326.75809
115909.76082 5510296.73255
115779.84479 4796412.36246
115649.93882 4213867.28583
115530.02082 3729876.91809
115400.10688 3325544.66408
115270.19736 2982733.37801
115140.29321 2691511.78444
115010.37855 2440750.78135
114880.47124 2223828.58159
114760.55084 2034687.11786
114630.64685 1869021.66995
114500.73636 1723219.95984
114380.81627 1593865.77215
114250.90638 1479130.52745
114130.98661 1376535.51056
114001.08101 1284574.03811
113871.16552 1201952.95407
113751.25094 1127312.28110
113621.34539 1059768.78928
113501.42330 998450.34070
113381.50877 942697.36952
113251.59723 891886.79167
113131.68038 845469.14885
113001.77171 803076.22424
112881.85613 764176.58265
112761.93589 728555.77596
112642.01993 695938.31799
112512.11323 666083.95391
112392.18928 638751.08956
112272.27209 613803.84122
112152.36247 591107.94024
112032.44516 570594.25781
111912.52107 552219.17861
111782.61315 535997.46427
111662.69945 521928.00110
111542.78158 510128.90886
111422.86031 500826.69959
111302.94439 494349.12678
111183.02681 491153.70153
111063.11616 492035.14413
110953.19080 498040.05204
110833.27498 510951.20425
110713.35290 533477.44111
110593.44110 569888.29408
110473.51696 627207.12342
110353.60470 717348.72059
110243.67905 858980.16709
110123.76343 1079285.32749
110003.84664 1393852.21121
109893.92479 1725443.40792
109774.00178 1829983.90329
109654.08777 1593622.72098
109544.16106 1244799.62483
109424.24559 966049.08322
109314.32288 781716.67403
109194.40915 668375.60025
109084.48563 602263.63114
108964.56166 568480.37065
108854.64035 562476.64136
108734.72445 586398.41657
108624.80067 635661.94803
108504.88100 679600.83869
108394.95776 679099.08780
108285.03322 654614.75477
108165.11780 655664.62113
108055.19811 708794.16833
107945.27177 820207.39040
107835.34696 955966.42895
107715.42831 1024136.05374
107605.50674 990403.11049
107495.58141 929255.40443
107385.66030 858985.84954
107275.73679 756978.97088
107165.81161 657100.34259
107055.88543 586056.54762
106945.96623 534246.79650
106836.04011 487227.92223
106726.11513 439812.50309
106616.19191 395726.75836
106506.26393 357837.75974
106396.34638 326944.30454
106286.41826 303294.60944
106176.49471 285646.58094
106066.56926 273318.58519
105956.64973 267058.90254
105846.72260 266885.41463
105736.80282 269741.40915
105636.87228 270443.95166
105526.94844 267905.13483
105417.01980 264510.27709
105307.09414 262673.34759
105207.16397 263222.68536
105097.23964 266402.30308
104987.32039 273668.28835
104887.38696 290510.98178
104777.46594 319962.74675
104677.53405 358719.73282
104567.60698 406063.21489
104457.68842 453598.96010
104357.75554 461381.59564
104247.82805 406187.98856
104147.90279 326374.84448
104037.97596 259681.07065
103938.04690 212869.93975
103838.11748 181063.54595
103728.19299 159075.30677
103628.25660 143301.62657
103518.33259 131557.81863
103418.40528 122507.42352
103318.47373 115298.58069
103208.54823 109420.45233
103108.62258 104497.30887
103008.68771 100303.66545
102908.75774 96651.06116
102808.82642 93434.46454
102698.90179 90580.41929
102598.96889 87988.11309
102499.04315 85628.84772
102399.11173 83463.77020
102299.18186 81461.51625
102199.24753 79593.82857
102099.31589 77856.10546
101999.38755 76216.95486
101889.46220 74677.23585
101789.53530 73213.06893
101689.60025 71821.48341
101589.67084 70496.43488
101499.73566 69223.84924
101399.79948 68010.85126
101299.87054 66849.00701
101199.94289 65732.98809
101100.01059 64656.84271
101000.08079 63621.50028
100900.14751 62621.20779
100800.21789 61654.67348
100710.28058 60713.90355
100610.34651 59808.36880
100510.41775 58930.51430
100410.48844 58079.13699
100320.54700 57247.37870
100220.61767 56443.38354
100120.68954 55662.92791
100020.75676 54903.44541
