# lambda [Ang], Cext [nm^2]
125003.46015 7864.07099
124853.56267 8032.24059
124703.66811 8195.80866
124553.77772 8363.77420
124403.87307 8533.52157
124253.98495 8708.12615
124104.08531 8885.00455
123954.18514 9067.00696
123804.29566 9254.99101
123654.39852 9449.21329
123514.49168 9646.14384
123364.59791 9850.69121
123214.70051 10061.36668
123074.79367 10279.14262
122924.89742 10503.70824
122784.99532 10735.30191
122635.10530 10974.01964
122485.20847 11222.31185
122345.30490 11477.29192
122205.39751 11740.80890
122055.50605 12014.43129
121915.59837 12296.86384
121765.69965 12590.13402
121625.79630 12893.06378
121485.89486 13206.61178
121345.99637 13530.51331
121196.10174 13868.93754
121056.19819 14218.23842
120916.29168 14580.56449
120776.39265 14956.56307
120636.48365 15348.83073
120496.58435 15754.06038
120356.67734 16176.32362
120216.77306 16617.08263
120076.87257 17073.54742
119936.96782 17549.66792
119797.06916 18047.08499
119657.15940 18563.49061
119527.25569 19101.88629
119387.34940 19664.91329
119247.44453 20252.36915
119107.54225 20867.69229
118977.63068 21510.57639
118837.73148 22181.52422
118697.82920 22887.05100
118567.91495 23624.64356
118428.01332 24398.27809
118298.10104 25208.73192
118158.20438 26061.71293
118028.28923 26958.28879
117888.38417 27896.56663
117758.47904 28889.93022
117628.56944 29931.71135
117488.66128 31038.11914
117358.75013 32203.89099
117228.84614 33433.30198
117088.94465 34737.27789
116959.02773 36115.62006
116829.12089 37579.97999
116699.20770 39123.43010
116569.29780 40780.40046
116429.39552 42535.74385
116299.49156 44402.61834
116169.57663 46400.07918
116039.66893 48538.95120
115909.76082 50812.52305
115779.84479 53266.74212
115649.93882 55890.06326
115530.02082 58717.63287
115400.10688 61756.40627
115270.19736 65060.86558
115140.29321 68609.38489
115010.37855 72466.42269
114880.47124 76658.51270
114760.55084 81217.42599
114630.64685 86207.55301
114500.73636 91662.71343
114380.81627 97651.83328
114250.90638 104249.21765
114130.98661 111531.09733
114001.08101 119619.68389
113871.16552 128612.89912
113751.25094 138644.32040
113621.34539 149931.65252
113501.42330 162616.36223
113381.50877 176987.25455
113251.59723 193395.45872
113131.68038 212135.74876
113001.77171 233778.46179
112881.85613 258896.12456
112761.93589 288253.68175
112642.01993 322889.16318
112512.11323 364215.46751
112392.18928 413834.68868
112272.27209 474350.12308
112152.36247 549010.70372
112032.44516 642445.07485
111912.52107 761609.43601
111782.61315 916501.38829
111662.69945 1121993.85797
111542.78158 1401231.66555
111422.86031 1792974.78122
111302.94439 2359036.72760
111183.02681 3201742.77834
111063.11616 4487694.40063
110953.19080 6419293.09806
110833.27498 8992607.81829
110713.35290 11228496.08464
110593.44110 11187685.74384
110473.51696 8926075.33504
110353.60470 6375685.71667
110243.67905 4478905.18698
110123.76343 3218534.13229
110003.84664 2391906.69239
109893.92479 1839146.21222
109774.00178 1459685.93401
109654.08777 1192188.40381
109544.16106 1000489.56645
109424.24559 862351.09041
109314.32288 763896.03746
109194.40915 696900.59359
109084.48563 654489.89616
108964.56166 631448.25410
108854.64035 628827.81389
108734.72445 655112.79579
108624.80067 722393.49098
108504.88100 846023.68256
108394.95776 1036492.75771
108285.03322 1278053.01001
108165.11780 1528586.64396
108055.19811 1724983.23303
107945.27177 1743383.65743
107835.34696 1563772.75581
107715.42831 1279396.26835
107605.50674 1004792.85607
107495.58141 811823.96331
107385.66030 697939.71457
107275.73679 625146.45761
107165.81161 566821.25926
107055.88543 527976.69972
106945.96623 500708.48590
106836.04011 457208.81073
106726.11513 400601.29450
106616.19191 351836.57309
106506.26393 312261.68430
106396.34638 279307.63052
106286.41826 254771.92125
106176.49471 238474.26524
106066.56926 230582.46177
105956.64973 231544.97710
105846.72260 237148.85727
105736.80282 235414.49755
105636.87228 222334.51729
105526.94844 208988.95182
105417.01980 202372.68593
105307.09414 202046.96059
105207.16397 205579.03012
105097.23964 211736.95849
104987.32039 221984.16734
104887.38696 242475.47097
104777.46594 276397.56582
104677.53405 319798.16513
104567.60698 371423.12743
104457.68842 420614.31616
104357.75554 422100.91662
104247.82805 356468.20351
104147.90279 271412.13800
104037.97596 203690.69355
103938.04690 157040.48541
103838.11748 125556.96855
103728.19299 103886.02765
103628.25660 88430.48030
103518.33259 77016.93954
103418.40528 68320.02897
103318.47373 61492.84650
103208.54823 56008.99838
103108.62258 51504.26623
103008.68771 47739.23174
102908.75774 44532.30555
102808.82642 41770.69888
102698.90179 39369.06401
102598.96889 37243.71917
102499.04315 35354.51926
102399.11173 33660.80510
102299.18186 32130.04433
102199.24753 30737.55724
102099.31589 29468.19930
101999.38755 28299.27568
101889.46220 27223.76950
101789.53530 26225.09649
101689.60025 25295.97187
101589.67084 24429.79948
101499.73566 23617.01864
101399.79948 22855.85078
101299.87054 22140.98055
101199.94289 21467.27464
101100.01059 20829.97686
101000.08079 20227.74956
100900.14751 19656.56154
100800.21789 19113.98484
100710.28058 18596.42998
100610.34651 18105.31613
100510.41775 17636.70654
100410.48844 17189.62510
100320.54700 16760.73133
100220.61767 16351.41384
100120.68954 15959.88918
100020.75676 15584.48168
