# lambda [Ang], Cext [nm^2]
125003.46015 115989.44845
124853.56267 119597.18876
124703.66811 123393.33673
124553.77772 127317.69064
124403.87307 131418.97446
124253.98495 135706.85387
124104.08531 140227.48631
123954.18514 144943.00050
123804.29566 149913.47569
123654.39852 155155.33813
123514.49168 160615.12837
123364.59791 166399.44346
123214.70051 172507.47884
123074.79367 178936.11144
122924.89742 185732.59003
122784.99532 192924.93424
122635.10530 200516.38481
122485.20847 208588.37027
122345.30490 217127.01396
122205.39751 226190.74338
122055.50605 235847.05902
121915.59837 246118.81056
121765.69965 257078.36667
121625.79630 268755.09030
121485.89486 281246.79968
121345.99637 294593.36726
121196.10174 308951.02650
121056.19819 324344.21816
120916.29168 340889.01099
120776.39265 358714.23466
120636.48365 378018.93640
120496.58435 398819.05816
120356.67734 421400.00181
120216.77306 445984.69697
120076.87257 472668.15403
119936.96782 501833.16063
119797.06916 533814.36716
119657.15940 568815.59203
119527.25569 607335.00992
119387.34940 649907.95674
119247.44453 697035.33404
119107.54225 749482.11818
118977.63068 808042.71866
118837.73148 873465.87710
118697.82920 947282.70388
118567.91495 1030717.42844
118428.01332 1125428.78354
118298.10104 1233635.16325
118158.20438 1358152.57683
118028.28923 1502230.67434
117888.38417 1669576.98895
117758.47904 1866998.99018
117628.56944 2100207.21544
117488.66128 2380245.53951
117358.75013 2718954.12453
117228.84614 3132987.30330
117088.94465 3647925.18255
116959.02773 4296863.65274
116829.12089 5130748.79990
116699.20770 6217732.20213
116569.29780 7684619.15948
116429.39552 9695179.20839
116299.49156 12542682.95379
116169.57663 16714215.66675
116039.66893 22998821.94042
115909.76082 32536223.69414
115779.84479 46580336.46800
115649.93882 63469568.31218
115530.02082 73803584.15485
115400.10688 67353826.48526
115270.19736 50864818.62784
115140.29321 35807688.10339
115010.37855 25200775.39581
114880.47124 18217256.87791
114760.55084 13594551.22786
114630.64685 10452246.90289
114500.73636 8251856.31584
114380.81627 6659983.73805
114250.90638 5480648.68967
114130.98661 4583570.63645
114001.08101 3887025.78767
113871.16552 3337099.57261
113751.25094 2895249.66458
113621.34539 2535047.94383
113501.42330 2238126.25832
113381.50877 1990509.61384
113251.59723 1781774.93608
113131.68038 1604463.55382
113001.77171 1452580.47604
112881.85613 1321295.84100
112761.93589 1207299.14160
112642.01993 1107699.09650
112512.11323 1020137.23533
112392.18928 942808.86428
112272.27209 874137.95816
112152.36247 812921.86052
112032.44516 758181.60970
111912.52107 709023.49541
111782.61315 664785.25467
111662.69945 624810.67086
111542.78158 588612.83084
111422.86031 555734.34018
111302.94439 525870.51212
111183.02681 498689.03515
111063.11616 473892.48685
110953.19080 451236.76661
110833.27498 430618.57044
110713.35290 411824.96810
110593.44110 394748.04526
110473.51696 379302.37711
110353.60470 365377.13646
110243.67905 352949.91154
110123.76343 342070.73072
110003.84664 332730.94748
109893.92479 325043.89455
109774.00178 319264.05289
109654.08777 315686.85321
109544.16106 314877.37185
109424.24559 317816.61556
109314.32288 325842.66107
109194.40915 340589.55957
109084.48563 362002.79513
108964.56166 384548.48227
108854.64035 399560.89393
108734.72445 411982.67822
108624.80067 437944.57308
108504.88100 490174.02478
108394.95776 578952.19646
108285.03322 711833.14243
108165.11780 878402.78732
108055.19811 1041109.44209
107945.27177 1122992.23622
107835.34696 1070016.02722
107715.42831 956709.25962
107605.50674 882382.50056
107495.58141 863035.57030
107385.66030 829405.42823
107275.73679 734778.65291
107165.81161 629809.68265
107055.88543 556445.54862
106945.96623 504988.68679
106836.04011 458066.03237
106726.11513 410727.85674
106616.19191 366549.46599
106506.26393 328440.07868
106396.34638 297282.59364
106286.41826 273632.84433
106176.49471 256876.97904
106066.56926 246449.67968
105956.64973 242533.74090
105846.72260 243379.56606
105736.80282 244229.26013
105636.87228 243455.05760
105526.94844 241413.22339
105417.01980 238605.13768
105307.09414 237071.67649
105207.16397 237928.99598
105097.23964 241503.82526
104987.32039 249266.84060
104887.38696 266763.27280
104777.46594 297005.32408
104677.53405 336582.15945
104567.60698 384678.07018
104457.68842 432511.22324
104357.75554 439622.99614
104247.82805 383589.37686
104147.90279 303420.65902
104037.97596 236750.41421
103938.04690 190102.06716
103838.11748 158489.58404
103728.19299 136701.04304
103628.25660 121129.80344
103518.33259 109590.14852
103418.40528 100745.96714
103318.47373 93745.92210
103208.54823 88073.81797
103108.62258 83358.41753
103008.68771 79369.36921
102908.75774 75922.50280
102808.82642 72909.93819
102698.90179 70254.37583
102598.96889 67862.32283
102499.04315 65701.02395
102399.11173 63731.29895
102299.18186 61921.75636
102199.24753 60245.89531
102099.31589 58695.24170
101999.38755 57242.11094
101889.46220 55884.44267
101789.53530 54601.49241
101689.60025 53388.67971
101589.67084 52239.97760
101499.73566 51143.20807
101399.79948 50102.07831
101299.87054 49109.51755
101199.94289 48160.36168
101100.01059 47249.20915
101000.08079 46376.18979
100900.14751 45536.28233
100800.21789 44727.80041
100710.28058 43944.57991
100610.34651 43192.92530
100510.41775 42466.75270
100410.48844 41765.01201
100320.54700 41082.26972
100220.61767 40423.99611
100120.68954 39786.99391
100020.75676 39169.05547
