# lambda [Ang], Cext [nm^2]
125003.46015 211143.18185
124853.56267 218635.85077
124703.66811 226519.73019
124553.77772 234830.17205
124403.87307 243590.87796
124253.98495 252836.96419
124104.08531 262651.09697
123954.18514 272983.48819
123804.29566 283955.75892
123654.39852 295613.88239
123514.49168 307904.26976
123364.59791 321029.54997
123214.70051 335013.69624
123074.79367 349894.64176
122924.89742 365787.31176
122784.99532 382787.64763
122635.10530 400947.06775
122485.20847 420469.72198
122345.30490 441389.90991
122205.39751 463883.30208
122055.50605 488162.22509
121915.59837 514361.43325
121765.69965 542721.94653
121625.79630 573419.79160
121485.89486 606796.60526
121345.99637 643074.34731
121196.10174 682782.54568
121056.19819 726190.21682
120916.29168 773779.45618
120776.39265 826144.19243
120636.48365 884115.38443
120496.58435 948095.22974
120356.67734 1019301.01450
120216.77306 1098905.74757
120076.87257 1187813.26373
119936.96782 1287969.55599
119797.06916 1401396.74087
119657.15940 1529968.28758
119527.25569 1676859.57064
119387.34940 1845852.41016
119247.44453 2041261.85929
119107.54225 2269178.52613
118977.63068 2537170.54771
118837.73148 2853814.03508
118697.82920 3233563.42107
118567.91495 3693002.10031
118428.01332 4254774.36037
118298.10104 4952210.31943
118158.20438 5832127.48736
118028.28923 6961080.14809
117888.38417 8434521.78494
117758.47904 10416001.96736
117628.56944 13133031.01096
117488.66128 16990476.56031
117358.75013 22626940.64485
117228.84614 31085789.80924
117088.94465 43996187.43941
116959.02773 62921422.94851
116829.12089 85871429.87400
116699.20770 100153045.90107
116569.29780 91757432.80106
116429.39552 69579377.36600
116299.49156 49016758.47014
116169.57663 34487899.99620
116039.66893 24909795.38857
115909.76082 18595611.37441
115779.84479 14285339.93647
115649.93882 11275503.80456
115530.02082 9096168.90554
115400.10688 7483356.10779
115270.19736 6253812.79803
115140.29321 5304038.73994
115010.37855 4551941.26596
114880.47124 3948267.34001
114760.55084 3456295.11498
114630.64685 3050573.48367
114500.73636 2712561.03322
114380.81627 2427314.97101
114250.90638 2185413.52260
114130.98661 1977923.70590
114001.08101 1798797.15976
113871.16552 1643337.87047
113751.25094 1507334.62518
113621.34539 1387747.46131
113501.42330 1282095.30667
113381.50877 1188338.45448
113251.59723 1104737.64950
113131.68038 1029921.11516
113001.77171 962774.16603
112881.85613 902149.12590
112761.93589 847380.03176
112642.01993 797769.39623
112512.11323 752701.23549
112392.18928 711658.16964
112272.27209 674203.27767
112152.36247 639974.10549
112032.44516 608684.36924
111912.52107 580052.52410
111782.61315 553877.64311
111662.69945 529921.27042
111542.78158 508033.29575
111422.86031 488085.41110
111302.94439 470023.08792
111183.02681 453756.74950
111063.11616 439264.18930
110953.19080 426546.76064
110833.27498 415764.77955
110713.35290 407030.11441
110593.44110 400614.22033
110473.51696 396957.78619
110353.60470 396729.21716
110243.67905 400964.79969
110123.76343 411488.60904
110003.84664 431064.17002
109893.92479 464374.55400
109774.00178 519044.00962
109654.08777 606041.54543
109544.16106 732695.20010
109424.24559 872640.98995
109314.32288 931963.43032
109194.40915 859438.54220
109084.48563 740721.11992
108964.56166 649102.43877
108854.64035 600483.41181
108734.72445 597139.01404
108624.80067 641869.90388
108504.88100 735635.76249
108394.95776 854019.12254
108285.03322 925439.14280
108165.11780 906197.48585
108055.19811 842277.33373
107945.27177 797030.86307
107835.34696 806093.74618
107715.42831 876081.84265
107605.50674 956926.83995
107495.58141 950880.41348
107385.66030 854269.38296
107275.73679 739614.77703
107165.81161 642251.22354
107055.88543 571388.79128
106945.96623 519572.29929
106836.04011 472685.70530
106726.11513 425359.45535
106616.19191 381309.16381
106506.26393 343430.01231
106396.34638 312609.83184
106286.41826 289255.20877
106176.49471 272307.44282
106066.56926 260811.80757
105956.64973 254753.64647
105846.72260 253243.70581
105736.80282 255051.13787
105636.87228 256795.65969
105526.94844 254852.45864
105417.01980 251544.08132
105307.09414 249792.67904
105207.16397 250481.89089
105097.23964 253850.23629
104987.32039 261340.86239
104887.38696 278476.02764
104777.46594 308271.29351
104677.53405 347386.13912
104567.60698 395060.66621
104457.68842 442753.97011
104357.75554 450303.06907
104247.82805 394788.52632
104147.90279 314863.31105
104037.97596 248204.91542
103938.04690 201480.96852
103838.11748 169775.36307
103728.19299 147889.83848
103628.25660 132219.82145
103518.33259 120580.90501
103418.40528 111635.79131
103318.47373 104532.77512
103208.54823 98758.94099
103108.62258 93940.69817
103008.68771 89849.98904
102908.75774 86300.78717
102808.82642 83186.47153
102698.90179 80431.97191
102598.96889 77939.88060
102499.04315 75679.66736
102399.11173 73612.13035
102299.18186 71706.00362
102199.24753 69933.94237
102099.31589 68289.39418
101999.38755 66742.83733
101889.46220 65293.67117
101789.53530 63919.59170
101689.60025 62616.83719
101589.67084 61379.38938
101499.73566 60194.11570
101399.79948 59066.42064
101299.87054 57988.56485
101199.94289 56955.30343
101100.01059 55960.96144
101000.08079 55006.07050
100900.14751 54085.24924
100800.21789 53197.00463
100710.28058 52334.26571
100610.34651 51504.86816
100510.41775 50702.09594
100410.48844 49924.77494
100320.54700 49166.76127
100220.61767 48434.86144
100120.68954 47725.37057
100020.75676 47035.89219
