# lambda [Ang], Cext [nm^2]
125003.46015 56063.78639
124853.56267 57588.47776
124703.66811 59156.10959
124553.77772 60775.74631
124403.87307 62450.18122
124253.98495 64189.33742
124104.08531 66004.06959
123954.18514 67883.20490
123804.29566 69845.67599
123654.39852 71896.01363
123514.49168 74015.60784
123364.59791 76241.35815
123214.70051 78570.01130
123074.79367 80999.07569
122924.89742 83543.59052
122784.99532 86215.70292
122635.10530 89000.91833
122485.20847 91933.38456
122345.30490 94999.87944
122205.39751 98219.13897
122055.50605 101611.39146
121915.59837 105175.17214
121765.69965 108932.67052
121625.79630 112883.21654
121485.89486 117052.80416
121345.99637 121445.50821
121196.10174 126106.34039
121056.19819 131024.81803
120916.29168 136229.06855
120776.39265 141744.65550
120636.48365 147617.50119
120496.58435 153828.85799
120356.67734 160447.47444
120216.77306 167513.66318
120076.87257 175023.31228
119936.96782 183055.11280
119797.06916 191664.42558
119657.15940 200857.86634
119527.25569 210719.38628
119387.34940 221331.77402
119247.44453 232748.12541
119107.54225 245079.00146
118977.63068 258406.52888
118837.73148 272797.05052
118697.82920 288460.73566
118567.91495 305480.55200
118428.01332 324020.48355
118298.10104 344268.27303
118158.20438 366483.93042
118028.28923 390893.64933
117888.38417 417691.47027
117758.47904 447453.37818
117628.56944 480347.54187
117488.66128 517133.17257
117358.75013 558217.88933
117228.84614 604243.66733
117088.94465 656240.58587
116959.02773 715092.73241
116829.12089 782220.31945
116699.20770 858710.23517
116569.29780 947571.80427
116429.39552 1050281.59082
116299.49156 1170303.99410
116169.57663 1312158.13517
116039.66893 1481214.72318
115909.76082 1683430.92658
115779.84479 1930736.62113
115649.93882 2234273.97639
115530.02082 2614584.77411
115400.10688 3096679.51212
115270.19736 3724200.47650
115140.29321 4549967.28971
115010.37855 5671713.27115
114880.47124 7235170.28072
114760.55084 9481246.57633
114630.64685 12815203.90355
114500.73636 17874636.93553
114380.81627 25544684.69876
114250.90638 36159570.97434
114130.98661 46650398.85715
114001.08101 48841767.35090
113871.16552 40392015.23998
113751.25094 29185938.54156
113621.34539 20409595.62982
113501.42330 14513134.97746
113381.50877 10640929.53627
113251.59723 8049089.23572
113131.68038 6266059.54369
113001.77171 4998659.65553
112881.85613 4070950.24295
112761.93589 3375448.20565
112642.01993 2841909.56761
112512.11323 2424110.21155
112392.18928 2091786.35765
112272.27209 1822919.96950
112152.36247 1602676.39651
112032.44516 1420238.53169
111912.52107 1267342.08862
111782.61315 1138104.43160
111662.69945 1027890.02249
111542.78158 933220.94441
111422.86031 851218.10698
111302.94439 779896.81090
111183.02681 717502.19478
111063.11616 662559.95173
110953.19080 613986.74983
110833.27498 570943.40483
110713.35290 532512.95149
110593.44110 498127.46018
110473.51696 467353.69280
110353.60470 439704.67573
110243.67905 414872.95614
110123.76343 392595.01061
110003.84664 372558.27824
109893.92479 354587.78179
109774.00178 338562.75025
109654.08777 324326.51943
109544.16106 311808.93854
109424.24559 301056.92154
109314.32288 292041.39648
109194.40915 284996.20634
109084.48563 280094.10318
108964.56166 277780.02417
108854.64035 278227.91573
108734.72445 281193.76919
108624.80067 286560.11597
108504.88100 295986.60450
108394.95776 310445.17083
108285.03322 329900.70957
108165.11780 358263.99458
108055.19811 404338.60489
107945.27177 479502.22627
107835.34696 598542.57508
107715.42831 775746.23610
107605.50674 989446.19508
107495.58141 1118224.81842
107385.66030 1043822.10503
107275.73679 861174.88842
107165.81161 706793.53523
107055.88543 606185.17877
106945.96623 534204.83625
106836.04011 480807.87931
106726.11513 442060.31939
106616.19191 410392.20965
106506.26393 377857.36289
106396.34638 345301.66776
106286.41826 314805.14927
106176.49471 286425.22456
106066.56926 261709.58108
105956.64973 241914.90073
105846.72260 227648.02243
105736.80282 219520.89356
105636.87228 216854.45175
105526.94844 216268.95381
105417.01980 216076.21218
105307.09414 218402.87175
105207.16397 225677.08860
105097.23964 239378.33822
104987.32039 261857.37999
104887.38696 296985.27062
104777.46594 342628.21990
104677.53405 390634.00322
104567.60698 433849.38840
104457.68842 447082.00917
104357.75554 400433.09138
104247.82805 319283.65008
104147.90279 246032.50251
104037.97596 193623.80002
103938.04690 158069.53549
103838.11748 133672.48752
103728.19299 116425.78783
103628.25660 103763.71937
103518.33259 94147.34656
103418.40528 86618.60906
103318.47373 80553.47778
103208.54823 75566.99907
103108.62258 71373.39693
103008.68771 67792.58771
102908.75774 64676.06845
102808.82642 61937.24306
102698.90179 59512.37220
102598.96889 57322.59553
102499.04315 55340.30089
102399.11173 53531.85409
102299.18186 51869.67913
102199.24753 50330.95730
102099.31589 48907.45585
101999.38755 47575.03480
101889.46220 46331.36245
101789.53530 45158.24867
101689.60025 44051.08344
101589.67084 43004.37599
101499.73566 42007.39362
101399.79948 41062.49342
101299.87054 40163.56201
101199.94289 39305.76526
101100.01059 38484.17340
101000.08079 37698.64605
100900.14751 36944.67767
100800.21789 36220.48127
100710.28058 35520.87798
100610.34651 34850.64054
100510.41775 34204.50500
100410.48844 33581.52701
100320.54700 32977.02967
100220.61767 32395.17718
100120.68954 31833.30348
100020.75676 31289.41424
