# lambda [Ang], Cext [nm^2]
125003.46015 57404.37138
124853.56267 58972.99968
124703.66811 60587.95827
124553.77772 62257.93914
124403.87307 63985.69535
124253.98495 65781.19239
124104.08531 67655.50253
123954.18514 69597.34804
123804.29566 71651.73057
123654.39852 73768.12236
123514.49168 75957.95847
123364.59791 78259.06887
123214.70051 80668.12702
123074.79367 83182.57017
122924.89742 85817.96741
122784.99532 88580.44068
122635.10530 91468.98368
122485.20847 94511.60343
122345.30490 97694.96371
122205.39751 101038.58696
122055.50605 104561.78715
121915.59837 108266.80922
121765.69965 112175.75920
121625.79630 116288.07905
121485.89486 120630.79694
121345.99637 125208.51967
121196.10174 130068.69943
121056.19819 135201.00252
120916.29168 140635.18948
120776.39265 146397.84552
120636.48365 152539.03590
120496.58435 159038.96292
120356.67734 165970.61862
120216.77306 173377.03434
120076.87257 181255.08562
119936.96782 189688.49726
119797.06916 198736.56166
119657.15940 208408.17713
119527.25569 218793.36730
119387.34940 229980.93908
119247.44453 242029.83662
119107.54225 255059.12658
118977.63068 269159.41659
118837.73148 284404.34834
118697.82920 301020.68960
118567.91495 319102.68251
118428.01332 338829.84026
118298.10104 360410.20245
118158.20438 384128.88168
118028.28923 410238.31886
117888.38417 438958.63079
117758.47904 470923.06398
117628.56944 506332.38576
117488.66128 546024.34357
117358.75013 590471.28800
117228.84614 640405.01491
117088.94465 696984.91911
116959.02773 761235.26434
116829.12089 834779.46406
116699.20770 918908.03899
116569.29780 1017053.43248
116429.39552 1131020.77511
116299.49156 1264887.39616
116169.57663 1423998.54022
116039.66893 1614816.42023
115909.76082 1844679.78303
115779.84479 2128015.87844
115649.93882 2478892.79416
115530.02082 2922988.02979
115400.10688 3492455.46918
115270.19736 4243494.74125
115140.29321 5246820.95025
115010.37855 6633195.03440
114880.47124 8602396.84799
114760.55084 11487848.25633
114630.64685 15844165.09511
114500.73636 22479511.17799
114380.81627 32150236.84125
114250.90638 43511569.81044
114130.98661 49774749.47266
114001.08101 44612155.38287
113871.16552 33402887.51628
113751.25094 23453658.89564
113621.34539 16522423.20190
113501.42330 11971122.90793
113381.50877 8955347.05660
113251.59723 6899497.62399
113131.68038 5457013.52405
113001.77171 4412628.31461
112881.85613 3635438.31447
112761.93589 3044283.90730
112642.01993 2585029.44839
112512.11323 2221410.73166
112392.18928 1929357.34427
112272.27209 1691051.79013
112152.36247 1494363.09413
112032.44516 1330343.06110
111912.52107 1192065.15257
111782.61315 1074565.82654
111662.69945 973887.54667
111542.78158 887047.71151
111422.86031 811550.67326
111302.94439 745678.75718
111183.02681 687892.08104
111063.11616 636874.78505
110953.19080 591638.05446
110833.27498 551476.14432
110713.35290 515639.96781
110593.44110 483645.24003
110473.51696 455055.11971
110353.60470 429424.89825
110243.67905 406498.17898
110123.76343 386069.88040
110003.84664 367893.27024
109893.92479 351861.95802
109774.00178 337948.57234
109654.08777 326131.66865
109544.16106 316521.58202
109424.24559 309450.17043
109314.32288 305321.73041
109194.40915 304820.25420
109084.48563 308437.49263
108964.56166 316845.62572
108854.64035 330994.20808
108734.72445 348337.34142
108624.80067 359413.64898
108504.88100 363322.32336
108394.95776 373363.10707
108285.03322 401224.38830
108165.11780 455442.18546
108055.19811 547389.57051
107945.27177 692800.45488
107835.34696 894096.10574
107715.42831 1084800.10018
107605.50674 1119523.21901
107495.58141 984141.31166
107385.66030 820376.04416
107275.73679 694915.57491
107165.81161 605351.41199
107055.88543 541062.32169
106945.96623 488558.74298
106836.04011 440987.86305
106726.11513 393362.00815
106616.19191 348958.91096
106506.26393 310604.06616
106396.34638 279078.31718
106286.41826 254803.37815
106176.49471 237142.85763
106066.56926 225779.71419
105956.64973 221567.61603
105846.72260 225047.48957
105736.80282 232645.36466
105636.87228 235532.24615
105526.94844 231747.69056
105417.01980 227443.09200
105307.09414 225554.99078
105207.16397 226385.20465
105097.23964 229972.56888
104987.32039 237729.90478
104887.38696 255210.85716
104777.46594 285498.42284
104677.53405 325230.22600
104567.60698 373617.83927
104457.68842 421938.55032
104357.75554 429844.54733
104247.82805 374134.32834
104147.90279 293509.04435
104037.97596 226356.19452
103938.04690 179414.72798
103838.11748 147652.42485
103728.19299 125805.98572
103628.25660 110232.53457
103518.33259 98725.47729
103418.40528 89935.76334
103318.47373 83005.94821
103208.54823 77411.66955
103108.62258 72781.90733
103008.68771 68881.97081
102908.75774 65527.67611
102808.82642 62609.50781
102698.90179 60047.49028
102598.96889 57751.44882
102499.04315 55686.28266
102399.11173 53812.45737
102299.18186 52098.25060
102199.24753 50518.04621
102099.31589 49061.23186
101999.38755 47701.89110
101889.46220 46436.44552
101789.53530 45245.61719
101689.60025 44124.04266
101589.67084 43065.60434
101499.73566 42059.05739
101399.79948 41106.36465
101299.87054 40201.10802
101199.94289 39338.18533
101100.01059 38512.45356
101000.08079 37723.60920
100900.14751 36967.00062
100800.21789 36240.72548
100710.28058 35539.51581
100610.34651 34868.08581
100510.41775 34221.07433
100410.48844 33597.49787
100320.54700 32992.63062
100220.61767 32410.60073
100120.68954 31848.70868
100020.75676 31304.93241
