# lambda [Ang], Cext [nm^2]
125003.46015 1411.11679
124853.56267 1439.51050
124703.66811 1466.76220
124553.77772 1493.26733
124403.87307 1519.59670
124253.98495 1546.16354
124104.08531 1574.77495
123954.18514 1602.61255
123804.29566 1629.92650
123654.39852 1657.99047
123514.49168 1686.34550
123364.59791 1715.69359
123214.70051 1745.84727
123074.79367 1776.67507
122924.89742 1808.38690
122784.99532 1840.93876
122635.10530 1874.23661
122485.20847 1908.68043
122345.30490 1943.79778
122205.39751 1979.91830
122055.50605 2017.19567
121915.59837 2055.39715
121765.69965 2094.81496
121625.79630 2135.19391
121485.89486 2176.75365
121345.99637 2219.41330
121196.10174 2263.41871
121056.19819 2308.71177
120916.29168 2355.38614
120776.39265 2403.42644
120636.48365 2453.19570
120496.58435 2504.14435
120356.67734 2556.83045
120216.77306 2611.33745
120076.87257 2667.32926
119936.96782 2725.21898
119797.06916 2785.17494
119657.15940 2846.80296
119527.25569 2910.45179
119387.34940 2976.38645
119247.44453 3044.52637
119107.54225 3115.17288
118977.63068 3188.17821
118837.73148 3263.57120
118697.82920 3342.04338
118567.91495 3423.09362
118428.01332 3507.14426
118298.10104 3594.07718
118158.20438 3684.57806
118028.28923 3778.44747
117888.38417 3875.40153
117758.47904 3976.70516
117628.56944 4081.45241
117488.66128 4191.34299
117358.75013 4305.33601
117228.84614 4423.81207
117088.94465 4547.54978
116959.02773 4676.17654
116829.12089 4810.70325
116699.20770 4950.21866
116569.29780 5097.36975
116429.39552 5250.41702
116299.49156 5410.04117
116169.57663 5577.60341
116039.66893 5753.55417
115909.76082 5936.50791
115779.84479 6129.96628
115649.93882 6332.35288
115530.02082 6545.13887
115400.10688 6768.30419
115270.19736 7005.27688
115140.29321 7252.84099
115010.37855 7514.44178
114880.47124 7791.09051
114760.55084 8082.68454
114630.64685 8392.18562
114500.73636 8719.63335
114380.81627 9066.33003
114250.90638 9435.38758
114130.98661 9827.39006
114001.08101 10245.91575
113871.16552 10692.13518
113751.25094 11168.58301
113621.34539 11680.33661
113501.42330 12227.94854
113381.50877 12816.57488
113251.59723 13451.72459
113131.68038 14131.69000
113001.77171 14864.65456
112881.85613 15656.40594
112761.93589 16515.90518
112642.01993 17452.81077
112512.11323 18478.83367
112392.18928 19598.75968
112272.27209 20831.35627
112152.36247 22189.04075
112032.44516 23689.17205
111912.52107 25357.19782
111782.61315 27219.92451
111662.69945 29304.97039
111542.78158 31648.88736
111422.86031 34309.07988
111302.94439 37339.75485
111183.02681 40809.85715
111063.11616 44829.83916
110953.19080 49508.15745
110833.27498 55008.56155
110713.35290 61554.76642
110593.44110 69424.39824
110473.51696 79004.29321
110353.60470 90872.33018
110243.67905 105766.25672
110123.76343 124902.88930
110003.84664 150017.51029
109893.92479 183825.66702
109774.00178 230681.13496
109654.08777 297815.76605
109544.16106 396848.39558
109424.24559 546003.07129
109314.32288 766011.60375
109194.40915 1049380.21442
109084.48563 1296336.54971
108964.56166 1343947.11560
108854.64035 1160591.47494
108734.72445 891097.14195
108624.80067 664426.97537
108504.88100 513395.75166
108394.95776 424859.29546
108285.03322 380284.75153
108165.11780 361758.86090
108055.19811 349877.20421
107945.27177 340765.54933
107835.34696 346727.28326
107715.42831 376343.32738
107605.50674 434415.90482
107495.58141 532705.50405
107385.66030 693864.91572
107275.73679 945905.52950
107165.81161 1287195.53444
107055.88543 1583886.79428
106945.96623 1582645.86659
106836.04011 1292511.30922
106726.11513 964172.36857
106616.19191 721163.74658
106506.26393 562904.51932
106396.34638 455129.87430
106286.41826 374239.88471
106176.49471 313599.37411
106066.56926 271558.12910
105956.64973 245167.73793
105846.72260 233153.70111
105736.80282 236383.96736
105636.87228 255366.36955
105526.94844 284675.38624
105417.01980 309340.68233
105307.09414 318835.45396
105207.16397 317052.54448
105097.23964 313327.10687
104987.32039 316286.48162
104887.38696 338601.84489
104777.46594 384262.23692
104677.53405 442083.64973
104567.60698 503236.15935
104457.68842 538827.67426
104357.75554 492645.51493
104247.82805 385338.64392
104147.90279 282354.98176
104037.97596 207802.20311
103938.04690 157510.26731
103838.11748 123434.01985
103728.19299 99744.28563
103628.25660 82697.39090
103518.33259 70034.83418
103418.40528 60367.01158
103318.47373 52791.51981
103208.54823 46733.70934
103108.62258 41797.04690
103008.68771 37711.18123
102908.75774 34273.45867
102808.82642 31353.26682
102698.90179 28848.85159
102598.96889 26669.22863
102499.04315 24763.60894
102399.11173 23084.04484
102299.18186 21591.99632
102199.24753 20259.28894
102099.31589 19064.75423
101999.38755 17984.56701
101889.46220 17007.58365
101789.53530 16116.72833
101689.60025 15302.10019
101589.67084 14555.60097
101499.73566 13867.44938
101399.79948 13233.02644
101299.87054 12646.79349
101199.94289 12103.01471
101100.01059 11596.65644
101000.08079 11125.34642
100900.14751 10685.03150
100800.21789 10272.76784
100710.28058 9885.52602
100610.34651 9522.80574
100510.41775 9181.35090
100410.48844 8859.93757
100320.54700 8555.86703
100220.61767 8269.05773
100120.68954 7998.07907
100020.75676 7741.39308
