# lambda [Ang], Cext [nm^2]
100020.756764226 7830.094705226
100120.689543927 8051.282943319
100220.617672277 8283.473609980
100320.547002020 8527.833961810
100410.488436786 8785.528021895
100510.417749815 9056.216372561
100610.346510032 9342.070356038
100710.280582198 9643.945386363
100800.217886195 9964.428335757
100900.147509462 10303.401547413
101000.080794012 10663.284405638
101100.010592128 11046.147934936
101199.942888175 11455.038345469
101299.870538009 11891.508425418
101399.799478983 12359.311794539
101499.735663391 12862.664018511
101589.670837607 13405.799089937
101689.600254777 13991.639817985
101789.535301185 14627.749164790
101889.462201654 15320.219242781
101999.387550738 16076.406365330
102099.315892513 16909.845827064
102199.247526122 17829.125803468
102299.181860513 18853.669035847
102399.111726635 20000.608518760
102499.043148387 21294.244605252
102598.968891315 22768.236400262
102698.901790407 24466.337735105
102808.826419598 26438.729102747
102908.757735588 28775.729235117
103008.687710490 31588.535978267
103108.622578802 35034.369006081
103208.548230679 39369.432882172
103318.473734300 44978.300719723
103418.405281568 52473.036831145
103518.332586240 62802.103300445
103628.256599371 77299.855061539
103728.192994819 96884.191824051
103838.117481150 119023.518243153
103938.046897352 135932.036154223
104037.975963148 146759.753316555
104147.902788785 163607.663106133
104247.828052005 196107.740783339
104357.755539654 241516.560018714
104457.688422922 275683.592694329
104567.606981986 271891.110895069
104677.534050007 248468.094125187
104777.465940125 236992.341413417
104887.386956397 242345.335187330
104987.320390704 247822.469678535
105097.239641057 241721.730189891
105207.163970856 231532.048732138
105307.094143162 223748.491945693
105417.019795316 220802.507210924
105526.948444280 222923.831252292
105636.872280545 225672.622043398
105736.802821555 225411.848909123
105846.722604174 229691.070360110
105956.649726993 244766.477733697
106066.569262981 266299.749336891
106176.494705527 292752.322216136
106286.418259654 336619.813164446
106396.346379635 399986.760922663
106506.263932710 444692.943776210
106616.191911811 421682.382539156
106726.115125697 354967.943221763
106836.040114182 296523.587970617
106945.966225292 263205.701973585
107055.885426180 252849.085833082
107165.811609729 261780.843309957
107275.736790353 288564.040793451
107385.660304953 333708.614361889
107495.581410794 397976.617750975
107605.506739001 480418.817272850
107715.428309721 575010.086185338
107835.346956951 669666.864530848
107945.271771770 735400.479972237
108055.198110304 740616.526322286
108165.117803515 723922.660482697
108285.033215989 755168.516493127
108394.957760572 875076.838490479
108504.880997526 1102189.257025872
108624.800671058 1422587.963643042
108734.724449282 1715461.448531986
108854.640345930 1773978.414424384
108964.561658468 1565919.051258058
109084.485626752 1237997.818662109
109194.409147562 946680.630207980
109314.322877027 749326.945804367
109424.245588273 635784.826314648
109544.161057394 585825.991418205
109654.087767052 587761.314705661
109774.001775275 640817.506600198
109893.924793816 755732.013362633
110003.846635545 956976.917825658
110123.763431284 1280341.969205739
110243.679054121 1741102.793865742
110353.604699765 2219134.660278827
110473.516956140 2392426.717597273
110593.441103443 2106307.009287537
110713.352900750 1600559.927177959
110833.274980500 1143365.124219811
110953.190795171 817841.769988838
111063.116164996 600863.862390240
111183.026812418 455872.621144163
111302.944387751 356622.955275189
111422.860311662 286256.206232637
111542.781580241 234878.470100629
111662.699449017 196399.772723170
111782.613145962 166780.453237941
111912.521065897 143514.491111997
112032.445155233 124928.391666514
112152.362465712 109845.267250495
112272.272085525 97405.601452976
112392.189279039 87024.783188030
112512.113230115 78283.594610605
112642.019925333 70819.033615547
112761.935894855 64418.246144373
112881.856130327 58875.409796432
113001.771708058 54036.502772634
113131.680378454 49786.978745275
113251.597229195 46041.286524765
113381.508767511 42705.545517733
113501.423301252 39738.330520649
113621.345390474 37079.552675594
113751.250935251 34678.753822338
113871.165521024 32516.820296853
114001.081007652 30552.454415300
114130.986605179 28763.759983220
114250.906375470 27134.460504268
114380.816265847 25641.129434238
114500.736364434 24271.328480690
114630.646852596 23010.162337552
114760.550837339 21845.114860271
114880.471239133 20770.797347812
115010.378549447 19773.572508567
115140.293214345 18848.082573263
115270.197356186 17989.222230804
115400.106878123 17182.629898350
115530.020824394 16435.283249310
115649.938817174 15734.521114438
115779.844791537 15079.518764445
115909.760824294 14462.427011193
116039.668931951 13886.800714488
116169.576632771 13341.471319804
116299.491562181 12828.978697219
116429.395518767 12347.030503335
116569.297799478 11891.035150686
116699.207704749 11457.941469399
116829.120886187 11052.457055139
116959.027727960 10665.480014272
117088.944645329 10299.319289514
117228.846136263 9951.052169034
117358.750127337 9621.042552893
117488.661284958 9306.563897034
117628.569444183 9006.555092005
117758.479040420 8722.927746301
117888.384170206 8451.185772084
118028.289228105 8193.421875915
118158.204377540 7945.983021662
118298.101037818 7709.584466213
118428.013321587 7484.108493417
118567.914950058 7267.930335586
118697.829202538 7061.060813407
118837.731484199 6862.369256621
118977.630677140 6672.751587725
119107.542254599 6490.401782516
119247.444525524 6315.217092596
119387.349399802 6147.405303084
119527.255689995 5986.033693355
119657.159404754 5831.236513339
119797.069160981 5682.267393434
119936.967817200 5538.282749953
120076.872568314 5400.057832600
