# lambda [Ang], Cext [nm^2]
125003.46015 54255.07983
124853.56267 54661.66728
124703.66811 55694.78720
124553.77772 56906.94298
124403.87307 58253.81325
124253.98495 59714.88777
124104.08531 61567.38091
123954.18514 63154.97764
123804.29566 64855.05516
123654.39852 66661.07416
123514.49168 68548.96885
123364.59791 70547.95719
123214.70051 72651.75027
123074.79367 74855.82103
122924.89742 77172.39041
122784.99532 79605.58037
122635.10530 82153.59330
122485.20847 84818.26789
122345.30490 87635.08381
122205.39751 90594.78695
122055.50605 93715.94067
121915.59837 96997.16552
121765.69965 100458.96718
121625.79630 104100.80287
121485.89486 107946.77696
121345.99637 112000.82581
121196.10174 116304.69795
121056.19819 120849.02725
120916.29168 125660.09131
120776.39265 130761.37983
120636.48365 136200.63715
120496.58435 141952.62804
120356.67734 148085.74608
120216.77306 154638.05600
120076.87257 161606.60978
119936.96782 169065.30479
119797.06916 177066.64993
119657.15940 185618.19379
119527.25569 194799.44877
119387.34940 204688.97376
119247.44453 215338.72244
119107.54225 226854.02093
118977.63068 239310.49499
118837.73148 252782.42953
118697.82920 267465.68843
118567.91495 283443.54232
118428.01332 300875.21604
118298.10104 319945.31096
118158.20438 340905.47614
118028.28923 363980.57880
117888.38417 389365.61062
117758.47904 417623.98632
117628.56944 448934.60082
117488.66128 484042.16964
117358.75013 523369.08864
117228.84614 567568.64831
117088.94465 617680.38500
116959.02773 674615.06841
116829.12089 739830.13663
116699.20770 814491.19556
116569.29780 901657.86747
116429.39552 1003002.30437
116299.49156 1122190.34041
116169.57663 1264061.85316
116039.66893 1434488.13290
115909.76082 1640198.82785
115779.84479 1894342.96495
115649.93882 2209910.11427
115530.02082 2610592.79388
115400.10688 3126221.44274
115270.19736 3809126.15292
115140.29321 4725926.11884
115010.37855 5999814.74880
114880.47124 7820360.75467
114760.55084 10504455.91574
114630.64685 14574173.09548
114500.73636 20755887.69515
114380.81627 29547956.09211
114250.90638 39021197.61601
114130.98661 42546907.16348
114001.08101 36418815.85341
113871.16552 26696627.35555
113751.25094 18705496.53704
113621.34539 13255482.11057
113501.42330 9684014.89795
113381.50877 7308219.82922
113251.59723 5680624.52722
113131.68038 4533933.46747
113001.77171 3701842.68549
112881.85613 3082807.73220
112761.93589 2613751.40415
112642.01993 2252577.36512
112512.11323 1971288.96367
112392.18928 1751626.35988
112272.27209 1580741.91501
112152.36247 1450817.16352
112032.44516 1357493.30117
111912.52107 1299686.48304
111782.61315 1280408.23983
111662.69945 1307755.23933
111542.78158 1398019.74163
111422.86031 1580731.61442
111302.94439 1899510.68405
111183.02681 2390400.25357
111063.11616 2965906.12616
110953.19080 3232841.33295
110833.27498 2881009.28744
110713.35290 2237987.19378
110593.44110 1683867.43138
110473.51696 1298275.50316
110353.60470 1041524.34546
110243.67905 869853.98174
110123.76343 753205.01646
110003.84664 673961.34976
109893.92479 622174.06793
109774.00178 591177.61631
109654.08777 571937.21780
109544.16106 554715.22089
109424.24559 542263.31928
109314.32288 545156.04875
109194.40915 571519.41310
109084.48563 629726.94257
108964.56166 733818.40322
108854.64035 901338.76511
108734.72445 1135321.52501
108624.80067 1358592.69231
108504.88100 1397491.19774
108394.95776 1230826.97884
108285.03322 1037178.23349
108165.11780 923039.36406
108055.19811 897092.16515
107945.27177 936945.00685
107835.34696 1001964.06897
107715.42831 1068568.98462
107605.50674 1102438.40218
107495.58141 1030567.00120
107385.66030 885119.18619
107275.73679 747228.74808
107165.81161 641379.23928
107055.88543 564076.18833
106945.96623 504801.87104
106836.04011 454922.61869
106726.11513 411201.66439
106616.19191 375235.40653
106506.26393 346996.66107
106396.34638 321665.23412
106286.41826 298923.84515
106176.49471 280444.99999
106066.56926 266615.58487
105956.64973 257445.42399
105846.72260 251852.41737
105736.80282 250448.51517
105636.87228 251397.56240
105526.94844 250898.52918
105417.01980 249876.57863
105307.09414 250366.20882
105207.16397 252494.84994
105097.23964 257380.34700
104987.32039 269002.70265
104887.38696 291822.97299
104777.46594 331735.21701
104677.53405 392351.41843
104567.60698 458718.68676
104457.68842 486903.72043
104357.75554 444144.60592
104247.82805 362208.95036
104147.90279 283303.63509
104037.97596 222029.34982
103938.04690 178613.80034
103838.11748 148637.38585
103728.19299 127646.33137
103628.25660 112452.19940
103518.33259 101062.25415
103418.40528 92251.18093
103318.47373 85230.95566
103208.54823 79509.62815
103108.62258 74736.97799
103008.68771 70689.20087
102908.75774 67188.72811
102808.82642 64129.78713
102698.90179 61434.14201
102598.96889 59011.69972
102499.04315 56827.69765
102399.11173 54843.04145
102299.18186 53025.47314
102199.24753 51348.95836
102099.31589 49802.29604
101999.38755 48359.53601
101889.46220 47016.58210
101789.53530 45753.51943
101689.60025 44564.59920
101589.67084 43443.42115
101499.73566 42378.31590
101399.79948 41370.92746
101299.87054 40414.65998
101199.94289 39503.98734
101100.01059 38633.56839
101000.08079 37802.98153
100900.14751 37007.33970
100800.21789 36244.52667
100710.28058 35509.17554
100610.34651 34806.20662
100510.41775 34129.27225
100410.48844 33477.68902
100320.54700 32846.57120
100220.61767 32239.90059
100120.68954 31654.92723
100020.75676 31089.51526
