# lambda [Ang], Cext [nm^2]
125003.46015 59911.66550
124853.56267 61483.05315
124703.66811 63126.90295
124553.77772 64850.33451
124403.87307 66649.67714
124253.98495 68527.44682
124104.08531 70494.16539
123954.18514 72537.59633
123804.29566 74676.05529
123654.39852 76914.48166
123514.49168 79233.17772
123364.59791 81671.14163
123214.70051 84225.28699
123074.79367 86893.93119
122924.89742 89690.69966
122784.99532 92626.26042
122635.10530 95700.99538
122485.20847 98940.07631
122345.30490 102331.67101
122205.39751 105897.84066
122055.50605 109662.54101
121915.59837 113622.71200
121765.69965 117804.94397
121625.79630 122209.47679
121485.89486 126865.80386
121345.99637 131780.22799
121196.10174 137003.45728
121056.19819 142526.34085
120916.29168 148381.40532
120776.39265 154599.00104
120636.48365 161233.36114
120496.58435 168266.22077
120356.67734 175777.05326
120216.77306 183814.79326
120076.87257 192378.70558
119936.96782 201561.76803
119797.06916 211431.69576
119657.15940 222002.12190
119527.25569 233374.89091
119387.34940 245651.45569
119247.44453 258902.11188
119107.54225 273263.34208
118977.63068 288843.32450
118837.73148 305730.91023
118697.82920 324186.42896
118567.91495 344328.37521
118428.01332 366368.58050
118298.10104 390557.87071
118158.20438 417233.39252
118028.28923 446705.11412
117888.38417 479250.54176
117758.47904 515622.64260
117628.56944 556095.57392
117488.66128 601676.37241
117358.75013 652983.82350
117228.84614 710947.26246
117088.94465 777020.09895
116959.02773 852546.63409
116829.12089 939614.27797
116699.20770 1039997.95211
116569.29780 1158099.19319
116429.39552 1296545.35987
116299.49156 1460871.89468
116169.57663 1658462.42963
116039.66893 1898511.64781
115909.76082 2191931.30032
115779.84479 2559567.18414
115649.93882 3023402.64633
115530.02082 3623034.38768
115400.10688 4410801.89616
115270.19736 5478824.07642
115140.29321 6951274.36968
115010.37855 9058092.76748
114880.47124 12162170.41435
114760.55084 16858937.12486
114630.64685 24013896.70765
114500.73636 34214855.86079
114380.81627 45396292.83232
114250.90638 49890911.50264
114130.98661 43008294.98286
114001.08101 31604311.44594
113871.16552 22133603.80760
113751.25094 15661129.11338
113621.34539 11406251.54644
113501.42330 8579500.08251
113381.50877 6644308.45848
113251.59723 5276094.28770
113131.68038 4282241.21555
113001.77171 3540080.46441
112881.85613 2972537.75833
112761.93589 2530490.39104
112642.01993 2179932.60438
112512.11323 1897371.17747
112392.18928 1666847.26716
112272.27209 1476209.05979
112152.36247 1317033.62332
112032.44516 1183001.38017
111912.52107 1069125.69576
111782.61315 971795.52534
111662.69945 888108.86576
111542.78158 815841.70277
111422.86031 753056.43122
111302.94439 698436.49932
111183.02681 650968.37144
111063.11616 609955.91820
110953.19080 574959.10345
110833.27498 545896.69972
110713.35290 522854.49701
110593.44110 506538.14160
110473.51696 498240.99786
110353.60470 499612.69882
110243.67905 512039.21763
110123.76343 538885.04301
110003.84664 586549.28795
109893.92479 647815.70040
109774.00178 676078.54892
109654.08777 628871.16970
109544.16106 544265.79999
109424.24559 471911.05710
109314.32288 423121.95998
109194.40915 393789.96360
109084.48563 379570.84804
108964.56166 378919.01385
108854.64035 392479.32938
108734.72445 423813.62664
108624.80067 479860.02530
108504.88100 571272.38995
108394.95776 708529.30255
108285.03322 884176.64592
108165.11780 1025187.51248
108055.19811 1030553.35508
107945.27177 933866.18265
107835.34696 822572.69538
107715.42831 719872.64498
107605.50674 620437.19391
107495.58141 526968.43637
107385.66030 448557.91623
107275.73679 389926.76378
107165.81161 351436.76137
107055.88543 330444.67447
106945.96623 319775.67743
106836.04011 312596.86938
106726.11513 313658.04185
106616.19191 332190.00055
106506.26393 366756.16698
106396.34638 394253.96590
106286.41826 385497.09786
106176.49471 348981.49868
106066.56926 311851.50286
105956.64973 283348.89413
105846.72260 263192.42623
105736.80282 250815.19780
105636.87228 243955.43604
105526.94844 239045.10946
105417.01980 236139.54916
105307.09414 237733.10180
105207.16397 244992.69679
105097.23964 256138.35233
104987.32039 265078.95351
104887.38696 268256.06901
104777.46594 277325.07554
104677.53405 303841.69082
104567.60698 339979.41422
104457.68842 353639.46229
104357.75554 322980.44481
104247.82805 274945.37215
104147.90279 240353.75818
104037.97596 224871.28036
103938.04690 215984.70196
103838.11748 195835.34646
103728.19299 165312.33571
103628.25660 137169.29804
103518.33259 116205.61009
103418.40528 101339.92540
103318.47373 90618.31364
103208.54823 82627.34814
103108.62258 76447.35979
103008.68771 71515.94139
102908.75774 67456.91212
102808.82642 64046.66026
102698.90179 61133.63083
102598.96889 58581.79033
102499.04315 56327.69852
102399.11173 54312.16270
102299.18186 52490.29319
102199.24753 50827.42505
102099.31589 49306.62826
101999.38755 47897.27653
101889.46220 46592.57170
101789.53530 45370.69103
101689.60025 44224.45706
101589.67084 43146.40189
101499.73566 42124.19004
101399.79948 41158.96617
101299.87054 40243.74000
101199.94289 39372.88502
101100.01059 38540.83289
101000.08079 37747.04751
100900.14751 36986.59225
100800.21789 36257.36665
100710.28058 35553.94464
100610.34651 34880.91467
100510.41775 34232.82258
100410.48844 33608.49422
100320.54700 33003.33504
100220.61767 32421.19842
100120.68954 31859.42431
100020.75676 31315.94966
