# lambda [Ang], Cext [nm^2]
100020.756764226 30115.217361347
100120.689543927 31460.222710801
100220.617672277 32903.282666664
100320.547002020 34456.326601901
100410.488436786 36130.795084265
100510.417749815 37934.337890675
100610.346510032 39887.094752833
100710.280582198 42002.471429681
100800.217886195 44306.234757668
100900.147509462 46813.977754659
101000.080794012 49552.790994242
101100.010592128 52554.375956789
101199.942888175 55859.083497975
101299.870538009 59501.056775877
101399.799478983 63534.926664857
101499.735663391 68026.517642446
101589.670837607 73043.672888152
101689.600254777 78665.065005290
101789.535301185 85008.439420594
101889.462201654 92195.307382603
101999.387550738 100382.978083698
102099.315892513 109800.975181590
102199.247526122 120673.667157578
102299.181860513 133360.437439296
102399.111726635 148283.203087401
102499.043148387 165986.057645203
102598.968891315 187243.778089469
102698.901790407 213102.624699738
102808.826419598 244903.026920138
102908.757735588 284766.590990776
103008.687710490 335639.189425003
103108.622578802 401759.369450532
103208.548230679 489898.438629238
103318.473734300 610625.731301245
103418.405281568 780883.290247066
103518.332586240 1028623.654941127
103628.256599371 1399463.444630475
103728.192994819 1958011.668170365
103838.117481150 2752432.111098942
103938.046897352 3640010.571710243
104037.975963148 4063731.714011509
104147.902788785 3655815.953253753
104247.828052005 2905115.635568946
104357.755539654 2302359.547640268
104457.688422922 1937233.985297481
104567.606981986 1708105.799996618
104677.534050007 1491026.352164190
104777.465940125 1263437.963393478
104887.386956397 1051231.659120159
104987.320390704 880598.078072430
105097.239641057 763497.732234516
105207.163970856 698919.119756039
105307.094143162 679189.237767876
105417.019795316 689773.452440268
105526.948444280 699191.946098340
105636.872280545 662863.689605731
105736.802821555 583499.971507919
105846.722604174 509053.564758230
105956.649726993 464587.354033808
106066.569262981 451045.585784927
106176.494705527 465497.939411625
106286.418259654 508340.997069023
106396.346379635 585287.391891357
106506.263932710 708945.993376139
106616.191911811 902109.612262177
106726.115125697 1199826.554673815
106836.040114182 1640612.815779879
106945.966225292 2217819.632770180
107055.885426180 2728883.256569806
107165.811609729 2779583.470335418
107275.736790353 2363782.075742108
107385.660304953 1832950.280172732
107495.581410794 1376060.563979508
107605.506739001 1022700.902525107
107715.428309721 769285.620725901
107835.346956951 597145.197370523
107945.271771770 481478.836960973
108055.198110304 401336.641092871
108165.117803515 343061.243101084
108285.033215989 300507.862731746
108394.957760572 270678.811563108
108504.880997526 251236.363733915
108624.800671058 241728.029587587
108734.724449282 244184.435722727
108854.640345930 261807.479290026
108964.561658468 299770.440843661
109084.485626752 366057.667642511
109194.409147562 467184.331840370
109314.322877027 583653.652773118
109424.245588273 636161.112097657
109544.161057394 564592.612353032
109654.087767052 433099.743084316
109774.001775275 317743.986943913
109893.924793816 236749.311498640
110003.846635545 182500.125150716
110123.763431284 145689.593747622
110243.679054121 119911.430961739
110353.604699765 101234.240195497
110473.516956140 87199.733612382
110593.441103443 76387.368535932
110713.352900750 67817.532041867
110833.274980500 60870.769466338
110953.190795171 55144.312194789
111063.116164996 50331.368059563
111183.026812418 46246.130095175
111302.944387751 42733.962220058
111422.860311662 39675.125388777
111542.781580241 36991.973698630
111662.699449017 34622.692434981
111782.613145962 32508.767031588
111912.521065897 30609.273464556
112032.445155233 28899.115139262
112152.362465712 27350.683014882
112272.272085525 25939.441879022
112392.189279039 24647.464319560
112512.113230115 23463.507388936
112642.019925333 22369.103835669
112761.935894855 21360.709383957
112881.856130327 20426.381814548
113001.771708058 19557.379899365
113131.680378454 18746.494484807
113251.597229195 17991.805958395
113381.508767511 17282.622202147
113501.423301252 16620.399293611
113621.345390474 15998.860331442
113751.250935251 15411.426289365
113871.165521024 14860.436481645
114001.081007652 14338.930939470
114130.986605179 13845.741663478
114250.906375470 13380.323080273
114380.816265847 12938.409045227
114500.736364434 12519.882112196
114630.646852596 12121.788265911
114760.550837339 11742.627797568
114880.471239133 11383.112852679
115010.378549447 11039.731139443
115140.293214345 10712.363411616
115270.197356186 10400.804134304
115400.106878123 10100.375316039
115530.020824394 9815.814774633
115649.938817174 9542.737390702
115779.844791537 9281.649535336
115909.760824294 9030.156193232
116039.668931951 8791.024609680
116169.576632771 8559.551146588
116299.491562181 8337.913064212
116429.395518767 8125.625534252
116569.297799478 7920.868297621
116699.207704749 7722.922940039
116829.120886187 7534.762583638
116959.027727960 7351.889880121
117088.944645329 7176.192859629
117228.846136263 7006.275144843
117358.750127337 6843.147211242
117488.661284958 6685.146467065
117628.569444183 6532.092538989
117758.479040420 6385.684013842
117888.384170206 6243.376920398
118028.289228105 6106.733212572
118158.204377540 5972.899966969
118298.101037818 5844.104842393
118428.013321587 5719.384292394
118567.914950058 5598.377026764
118697.829202538 5481.893312166
118837.731484199 5369.500015198
118977.630677140 5262.050127737
119107.542254599 5155.656455923
119247.444525524 5048.787393053
119387.349399802 4948.271979011
119527.255689995 4852.096957058
119657.159404754 4757.971382647
119797.069160981 4667.320772629
119936.967817200 4577.025184491
120076.872568314 4490.583553701
