# lambda [Ang], Cext [nm^2]
100020.756764226 30321.479598005
100120.689543927 31147.143686639
100220.617672277 32011.665265520
100320.547002020 32919.075307864
100410.488436786 33873.422011663
100510.417749815 34872.817132177
100610.346510032 35924.902896156
100710.280582198 37032.358887998
100800.217886195 38204.205189848
100900.147509462 39438.966402452
101000.080794012 40744.954364606
101100.010592128 42128.746847611
101199.942888175 43600.425557146
101299.870538009 45164.378675700
101399.799478983 46832.807569145
101499.735663391 48619.229792691
101589.670837607 50537.206684029
101689.600254777 52594.402006997
101789.535301185 54815.289906381
101889.462201654 57218.367261676
101999.387550738 59825.438784049
102099.315892513 62679.770598890
102199.247526122 65805.143916634
102299.181860513 69262.461248788
102399.111726635 73100.502495365
102499.043148387 77391.319364932
102598.968891315 82233.217162305
102698.901790407 87751.645632536
102808.826419598 94082.704028643
102908.757735588 101482.360926961
103008.687710490 110243.571659352
103108.622578802 120765.280070614
103208.548230679 133687.663798054
103318.473734300 149916.885184869
103418.405281568 170862.295699892
103518.332586240 198704.969713967
103628.256599371 237053.831023300
103728.192994819 291738.929913095
103838.117481150 372083.068380803
103938.046897352 490664.673281822
104037.975963148 651822.381061926
104147.902788785 812668.112643593
104247.828052005 863860.291908839
104357.755539654 776334.347721094
104457.688422922 654602.056417130
104567.606981986 569254.800579802
104677.534050007 523286.648086043
104777.465940125 501779.355533813
104887.386956397 501877.387716207
104987.320390704 510753.477762900
105097.239641057 505027.759672226
105207.163970856 485488.215415186
105307.094143162 466836.628200908
105417.019795316 461023.496902269
105526.948444280 475041.463553860
105636.872280545 513212.954109494
105736.802821555 582857.855105372
105846.722604174 692764.333203586
105956.649726993 834944.850405299
106066.569262981 944841.800055572
106176.494705527 937374.966841583
106286.418259654 850716.413410818
106396.346379635 777172.225122309
106506.263932710 749429.119237748
106616.191911811 765069.275957003
106726.115125697 818170.501398728
106836.040114182 906479.505336984
106945.966225292 1030689.991642353
107055.885426180 1195102.415283003
107165.811609729 1408414.503218097
107275.736790353 1676034.451781193
107385.660304953 2006282.102189376
107495.581410794 2445978.468461983
107605.506739001 3071871.288589790
107715.428309721 3988497.276621846
107835.346956951 5362324.277500294
107945.271771770 7402832.290601406
108055.198110304 10147007.685797177
108165.117803515 12743917.817507803
108285.033215989 13299691.301012507
108394.957760572 11271179.962669732
108504.880997526 8393730.825131001
108624.800671058 5990494.243731822
108734.724449282 4313609.101680869
108854.640345930 3206682.289535533
108964.561658468 2476094.595977398
109084.485626752 1984017.879745915
109194.409147562 1648907.309717989
109314.322877027 1419483.497328512
109424.245588273 1265524.062187814
109544.161057394 1169016.630862684
109654.087767052 1121139.130140834
109774.001775275 1120164.040817105
109893.924793816 1170547.681746697
110003.846635545 1284176.213672841
110123.763431284 1484024.590330792
110243.679054121 1811145.075296154
110353.604699765 2334541.030588807
110473.516956140 3155529.529787198
110593.441103443 4340235.936655330
110713.352900750 5637774.627378841
110833.274980500 6134826.831859969
110953.190795171 5284066.637616040
111063.116164996 3909068.770353788
111183.026812418 2770070.164894391
111302.944387751 1992409.914731000
111422.860311662 1479177.413698333
111542.781580241 1135614.436455039
111662.699449017 898991.451817477
111782.613145962 730070.301680253
111912.521065897 605823.240871187
112032.445155233 512018.778070218
112152.362465712 439496.564333785
112272.272085525 382129.684752345
112392.189279039 335945.539121012
112512.113230115 298231.230627709
112642.019925333 266871.859679492
112761.935894855 240587.313650564
112881.856130327 218270.196261790
113001.771708058 199117.935552827
113131.680378454 182547.400794924
113251.597229195 168128.732898909
113381.508767511 155432.556922158
113501.423301252 144246.336668012
113621.345390474 134306.536700680
113751.250935251 125398.096248799
113871.165521024 117425.705237611
114001.081007652 110223.080757598
114130.986605179 103695.881810525
114250.906375470 97775.078784017
114380.816265847 92368.328312821
114500.736364434 87423.359664347
114630.646852596 82882.945216440
114760.550837339 78697.655242422
114880.471239133 74845.638181821
115010.378549447 71275.770716111
115140.293214345 67966.767714872
115270.197356186 64899.818099479
115400.106878123 62021.990190743
115530.020824394 59357.556998293
115649.938817174 56860.565108363
115779.844791537 54527.544870577
115909.760824294 52329.583755439
116039.668931951 50280.272084223
116169.576632771 48338.793314212
116299.491562181 46514.225011805
116429.395518767 44798.192743802
116569.297799478 43174.225591475
116699.207704749 41631.630924806
116829.120886187 40186.840486575
116959.027727960 38807.401879281
117088.944645329 37501.875902812
117228.846136263 36259.375865252
117358.750127337 35081.490161104
117488.661284958 33958.540143933
117628.569444183 32886.682458425
117758.479040420 31872.801665249
117888.384170206 30900.821149927
118028.289228105 29978.368219777
118158.204377540 29092.408973321
118298.101037818 28245.535925185
118428.013321587 27437.332424024
118567.914950058 26662.050468953
118697.829202538 25917.890351466
118837.731484199 25203.983217473
118977.630677140 24522.334615025
119107.542254599 23866.562896731
119247.444525524 23236.204149103
119387.349399802 22633.388251282
119527.255689995 22052.100102067
119657.159404754 21493.275770102
119797.069160981 20955.469377638
119936.967817200 20436.152371968
120076.872568314 19937.658551860
