# lambda [Ang], Cext [nm^2]
100020.756764226 15118.629764882
100120.689543927 15509.007325772
100220.617672277 15917.181116532
100320.547002020 16345.011948167
100410.488436786 16794.416436510
100510.417749815 17264.304535992
100610.346510032 17758.250088577
100710.280582198 18277.529500565
100800.217886195 18826.349884444
100900.147509462 19403.784956813
101000.080794012 20013.780050920
101100.010592128 20659.319589678
101199.942888175 21345.105143129
101299.870538009 22073.096529839
101399.799478983 22848.995081512
101499.735663391 23679.068848815
101589.670837607 24569.778944110
101689.600254777 25524.559223508
101789.535301185 26555.062039931
101889.462201654 27670.171560302
101999.387550738 28880.375053670
102099.315892513 30206.629870135
102199.247526122 31660.918389947
102299.181860513 33273.360893757
102399.111726635 35068.933887702
102499.043148387 37085.095722534
102598.968891315 39373.684017614
102698.901790407 42002.718838791
102808.826419598 45050.725288614
102908.757735588 48663.001990745
103008.687710490 53018.807220693
103108.622578802 58377.027677570
103208.548230679 65164.681012327
103318.473734300 74031.656670720
103418.405281568 86023.588710339
103518.332586240 102755.697944408
103628.256599371 126405.092566598
103728.192994819 157958.873557598
103838.117481150 191562.280629312
103938.046897352 213804.651903190
104037.975963148 226410.187956963
104147.902788785 249269.210461961
104247.828052005 292786.878591367
104357.755539654 341703.745403444
104457.688422922 356247.254119329
104567.606981986 326272.122665098
104677.534050007 287839.903451597
104777.465940125 266326.013645872
104887.386956397 261284.626979304
104987.320390704 256618.139949177
105097.239641057 243788.304400243
105207.163970856 229607.673303233
105307.094143162 219248.208658896
105417.019795316 215004.922344028
105526.948444280 218338.040885697
105636.872280545 228515.847292171
105736.802821555 242549.412189963
105846.722604174 259170.077765536
105956.649726993 281292.319218965
106066.569262981 310965.396584420
106176.494705527 352460.733547102
106286.418259654 413723.120361178
106396.346379635 504764.160651315
106506.263932710 626858.487632638
106616.191911811 745548.075360144
106726.115125697 785467.983392224
106836.040114182 719049.650001023
106945.966225292 624808.618367979
107055.885426180 565346.232557122
107165.811609729 551780.439303307
107275.736790353 579141.906728990
107385.660304953 644201.649722092
107495.581410794 746781.247331204
107605.506739001 888200.742798376
107715.428309721 1068091.864108925
107835.346956951 1288541.040094423
107945.271771770 1577557.070461004
108055.198110304 1999965.194201011
108165.117803515 2607290.020262453
108285.033215989 3369606.321890394
108394.957760572 3946976.426920786
108504.880997526 3824219.652698344
108624.800671058 3184692.872639257
108734.724449282 2601283.414456336
108854.640345930 2317994.788352914
108964.561658468 2332560.574459860
109084.485626752 2503902.149748545
109194.409147562 2506625.044241864
109314.322877027 2154070.455466047
109424.245588273 1684333.003264676
109544.161057394 1316517.220304538
109654.087767052 1080460.336973241
109774.001775275 943308.692535060
109893.924793816 875341.662574380
110003.846635545 862488.035926336
110123.763431284 900837.450715805
110243.679054121 989236.523631432
110353.604699765 1135166.649966866
110473.516956140 1370093.036818215
110593.441103443 1748611.786938533
110713.352900750 2351125.389459187
110833.274980500 3268084.441213951
110953.190795171 4458133.461845456
111063.116164996 5378221.818706183
111183.026812418 5161911.083308723
111302.944387751 4029102.540542368
111422.860311662 2867048.593498181
111542.781580241 2023417.991101285
111662.699449017 1465534.046401362
111782.613145962 1096689.723978838
111912.521065897 846822.045875053
112032.445155233 672270.533182926
112152.362465712 546486.395178555
112272.272085525 453060.537182662
112392.189279039 381954.643903667
112512.113230115 326722.025634542
112642.019925333 282826.690724279
112761.935894855 247493.597016144
112881.856130327 218576.491791861
113001.771708058 194580.440579055
113131.680378454 174452.037445440
113251.597229195 157421.833483821
113381.508767511 142816.963725088
113501.423301252 130254.432935387
113621.345390474 119339.724034452
113751.250935251 109764.285947600
113871.165521024 101359.907383870
114001.081007652 93908.156801151
114130.986605179 87271.895081026
114250.906375470 81349.734374077
114380.816265847 76026.944450833
114500.736364434 71228.222313485
114630.646852596 66881.579424751
114760.550837339 62924.515663730
114880.471239133 59325.188043717
115010.378549447 56031.553014391
115140.293214345 53013.804504051
115270.197356186 50244.945533212
115400.106878123 47676.745878719
115530.020824394 45320.827116698
115649.938817174 43135.784859853
115779.844791537 41112.035548469
115909.760824294 39221.630296136
116039.668931951 37472.870435678
116169.576632771 35830.360134652
116299.491562181 34297.881034448
116429.395518767 32867.685269751
116569.297799478 31523.626999062
116699.207704749 30256.416183715
116829.120886187 29076.780735628
116959.027727960 27958.165827138
117088.944645329 26905.833963433
117228.846136263 25911.303892479
117358.750127337 24972.927396614
117488.661284958 24083.294639290
117628.569444183 23239.009215650
117758.479040420 22444.518813339
117888.384170206 21686.480178095
118028.289228105 20970.444598901
118158.204377540 20286.112785841
118298.101037818 19634.944943364
118428.013321587 19016.137447292
118567.914950058 18425.241509505
118697.829202538 17861.739012562
118837.731484199 17322.527679354
118977.630677140 16809.595249596
119107.542254599 16317.737557565
119247.444525524 15846.978545650
119387.349399802 15397.374741526
119527.255689995 14966.275981599
119657.159404754 14553.773667600
119797.069160981 14158.040238625
119936.967817200 13776.652963159
120076.872568314 13411.427794363
