# lambda [Ang], Cext [nm^2]
100020.756764226 15060.837659916
100120.689543927 15697.244606369
100220.617672277 16378.063058500
100320.547002020 17108.578243838
100410.488436786 17893.839394181
100510.417749815 18736.817538097
100610.346510032 19646.466927456
100710.280582198 20628.468902515
100800.217886195 21694.171594349
100900.147509462 22849.748444559
101000.080794012 24106.895496643
101100.010592128 25479.025422075
101199.942888175 26983.330136550
101299.870538009 28633.799082745
101399.799478983 30453.396770805
101499.735663391 32469.642526247
101589.670837607 34710.553395474
101689.600254777 37207.714273418
101789.535301185 40009.814230725
101889.462201654 43165.859045581
101999.387550738 46738.919808603
102099.315892513 50822.361979658
102199.247526122 55503.982499319
102299.181860513 60927.840470968
102399.111726635 67258.804115576
102499.043148387 74709.523118058
102598.968891315 83581.846871614
102698.901790407 94280.676180755
102808.826419598 107318.185147418
102908.757735588 123512.821877654
103008.687710490 143988.449014421
103108.622578802 170357.841729981
103208.548230679 205202.995879983
103318.473734300 252532.848387630
103418.405281568 318696.439612404
103518.332586240 413689.123059479
103628.256599371 551466.124252190
103728.192994819 741981.017560508
103838.117481150 965788.199086899
103938.046897352 1176951.421041386
104037.975963148 1398702.036550452
104147.902788785 1663508.507620255
104247.828052005 1805035.177220025
104357.755539654 1635053.981456752
104457.688422922 1310911.160243832
104567.606981986 1047453.438126682
104677.534050007 876679.986093218
104777.465940125 741002.699787379
104887.386956397 618028.334104626
104987.320390704 522334.458246963
105097.239641057 455136.714869399
105207.163970856 412919.844171147
105307.094143162 392420.187337423
105417.019795316 386869.874474628
105526.948444280 386259.147838753
105636.872280545 389626.312750496
105736.802821555 413986.679965767
105846.722604174 472862.014046763
105956.649726993 554889.964690775
106066.569262981 607481.554263613
106176.494705527 581828.907099837
106286.418259654 499852.777815978
106396.346379635 410653.232031466
106506.263932710 345541.730650212
106616.191911811 310447.446840548
106726.115125697 301309.188116057
106836.040114182 315302.788282926
106945.966225292 353764.616947668
107055.885426180 423475.810456405
107165.811609729 536917.245010890
107275.736790353 714134.283307287
107385.660304953 970196.852419557
107495.581410794 1266864.071565479
107605.506739001 1442086.961668453
107715.428309721 1343175.324422465
107835.346956951 1080105.395937159
107945.271771770 832709.421876732
108055.198110304 669021.577571222
108165.117803515 584969.493751492
108285.033215989 542683.846237769
108394.957760572 490464.247593611
108504.880997526 411209.571949823
108624.800671058 327342.327741093
108734.724449282 259216.283537490
108854.640345930 211411.482530155
108964.561658468 180126.535682523
109084.485626752 160653.902180567
109194.409147562 149638.420966287
109314.322877027 145395.386672887
109424.245588273 148634.759086075
109544.161057394 161345.304027841
109654.087767052 186605.952252993
109774.001775275 228609.296729145
109893.924793816 292444.608384021
110003.846635545 376716.519584208
110123.763431284 446865.429824356
110243.679054121 444332.238144639
110353.604699765 368163.119070678
110473.516956140 274016.425485247
110593.441103443 199507.860652582
110713.352900750 148479.984688490
110833.274980500 114418.873896621
110953.190795171 91271.844657374
111063.116164996 74962.887596466
111183.026812418 63012.610496341
111302.944387751 53985.780299152
111422.860311662 46982.044246255
111542.781580241 41445.398421000
111662.699449017 36992.194184897
111782.613145962 33330.326990471
111912.521065897 30275.699181937
112032.445155233 27692.525590118
112152.362465712 25483.735755456
112272.272085525 23571.883607244
112392.189279039 21901.752718831
112512.113230115 20433.793509152
112642.019925333 19126.986216577
112761.935894855 17962.905395918
112881.856130327 16917.847555194
113001.771708058 15973.349225854
113131.680378454 15115.692500705
113251.597229195 14336.159046766
113381.508767511 13620.325054994
113501.423301252 12965.321228179
113621.345390474 12362.188343306
113751.250935251 11802.693115418
113871.165521024 11286.315038019
114001.081007652 10805.404936348
114130.986605179 10357.226844115
114250.906375470 9939.948263774
114380.816265847 9549.004331485
114500.736364434 9183.830991830
114630.646852596 8839.274968621
114760.550837339 8515.453845772
114880.471239133 8211.814363844
115010.378549447 7924.738502318
115140.293214345 7652.928374242
115270.197356186 7395.111737357
115400.106878123 7150.482539300
115530.020824394 6920.274136808
115649.938817174 6700.890846671
115779.844791537 6492.585959281
115909.760824294 6293.425870944
116039.668931951 6105.103557414
116169.576632771 5924.224080507
116299.491562181 5751.884490306
116429.395518767 5587.942950167
116569.297799478 5430.524796113
116699.207704749 5279.438686649
116829.120886187 5136.578730628
116959.027727960 4998.366351750
117088.944645329 4866.541041630
117228.846136263 4739.480663342
117358.750127337 4617.604184668
117488.661284958 4500.236589890
117628.569444183 4386.986880594
117758.479040420 4279.077716145
117888.384170206 4174.615383019
118028.289228105 4074.399654583
118158.204377540 3977.496271468
118298.101037818 3884.080349314
118428.013321587 3794.240338461
118567.914950058 3707.182010460
118697.829202538 3623.337888438
118837.731484199 3542.057514356
118977.630677140 3463.922715300
119107.542254599 3388.226018112
119247.444525524 3314.852408408
119387.349399802 3244.076040501
119527.255689995 3175.556019142
119657.159404754 3109.301610949
119797.069160981 3045.076179922
119936.967817200 2982.526546600
120076.872568314 2922.086833698
