# lambda [Ang], Cext [nm^2]
100020.756764226 30117.093931873
100120.689543927 31462.190367659
100220.617672277 32905.524339385
100320.547002020 34459.073870656
100410.488436786 36134.338113326
100510.417749815 37939.039642627
100610.346510032 39893.405797005
100710.280582198 42011.002996912
100800.217886195 44317.680598170
100900.147509462 46829.260410667
101000.080794012 49573.087690369
101100.010592128 52581.119272827
101199.942888175 55894.164153698
101299.870538009 59546.859033950
101399.799478983 63594.532148041
101499.735663391 68103.945411078
101589.670837607 73144.107602646
101689.600254777 78795.377652956
101789.535301185 85177.746004914
101889.462201654 92415.844507153
101999.387550738 100671.295202219
102099.315892513 110179.982096028
102199.247526122 121174.938977519
102299.181860513 134028.753881208
102399.111726635 149183.017750357
102499.043148387 167210.899122957
102598.968891315 188933.377371468
102698.901790407 215470.031899776
102808.826419598 248277.867108727
102908.757735588 289676.433475063
103008.687710490 342949.834659832
103108.622578802 412917.969799534
103208.548230679 507389.779316923
103318.473734300 638754.930754641
103418.405281568 826837.025699269
103518.332586240 1102640.557688732
103628.256599371 1506138.683467916
103728.192994819 2049160.680240522
103838.117481150 2620769.432198462
103938.046897352 3042427.058401794
104037.975963148 3373552.614312212
104147.902788785 3615328.318086755
104247.828052005 3419117.330974195
104357.755539654 2805224.479592782
104457.688422922 2178493.547900926
104567.606981986 1718417.914253729
104677.534050007 1420265.636748028
104777.465940125 1208106.998625676
104887.386956397 1020402.408405000
104987.320390704 861898.410949741
105097.239641057 749368.283338363
105207.163970856 684539.012720625
105307.094143162 658173.280369154
105417.019795316 654760.775658138
105526.948444280 662889.918752519
105636.872280545 696080.565754468
105736.802821555 779255.128990907
105846.722604174 900217.384946930
105956.649726993 972941.926065956
106066.569262981 913997.417401281
106176.494705527 771932.934244997
106286.418259654 636146.801761527
106396.346379635 545964.953990094
106506.263932710 502578.214841865
106616.191911811 498694.959225484
106726.115125697 531580.743057693
106836.040114182 605657.751434498
106945.966225292 734189.402618421
107055.885426180 942846.665828875
107165.811609729 1266778.276841371
107275.736790353 1731764.852478414
107385.660304953 2242242.348143937
107495.581410794 2477665.369956435
107605.506739001 2234320.089031802
107715.428309721 1761971.652863428
107835.346956951 1337470.544043170
107945.271771770 1048527.421874569
108055.198110304 869560.150214139
108165.117803515 734410.973232014
108285.033215989 602528.699692696
108394.957760572 480320.586265080
108504.880997526 383665.049147775
108624.800671058 314093.185659703
108734.724449282 265724.506157793
108854.640345930 232761.178617190
108964.561658468 210974.282430745
109084.485626752 197472.477834898
109194.409147562 191745.461599865
109314.322877027 194944.386169059
109424.245588273 209090.628390614
109544.161057394 237070.872777796
109654.087767052 284698.391941890
109774.001775275 358526.585793590
109893.924793816 447458.483955997
110003.846635545 499825.384348030
110123.763431284 466880.131732788
110243.679054121 374289.811592701
110353.604699765 279185.638447088
110473.516956140 207793.719454053
110593.441103443 159441.212760329
110713.352900750 126813.495484574
110833.274980500 104198.187845186
110953.190795171 87957.455459899
111063.116164996 75821.388264901
111183.026812418 66403.329414795
111302.944387751 58938.803029043
111422.860311662 52905.943650743
111542.781580241 47961.268067591
111662.699449017 43844.399637653
111782.613145962 40351.169129485
111912.521065897 37351.180188152
112032.445155233 34750.095211163
112152.362465712 32470.254406488
112272.272085525 30453.349551033
112392.189279039 28652.710286162
112512.113230115 27039.184394303
112642.019925333 25578.964268626
112761.935894855 24257.010723100
112881.856130327 23051.283488082
113001.771708058 21946.070916601
113131.680378454 20928.460716684
113251.597229195 19991.413750665
113381.508767511 19120.881829779
113501.423301252 18316.357827949
113621.345390474 17567.937209909
113751.250935251 16867.030305163
113871.165521024 16214.339169434
114001.081007652 15600.216684790
114130.986605179 15023.492760040
114250.906375470 14482.138590557
114380.816265847 13971.346077954
114500.736364434 13489.959387238
114630.646852596 13034.430360660
114760.550837339 12602.538566119
114880.471239133 12194.638781468
115010.378549447 11806.497998039
115140.293214345 11437.935243059
115270.197356186 11088.366950576
115400.106878123 10752.467808572
115530.020824394 10435.221554212
115649.938817174 10131.675407542
115779.844791537 9842.318649022
115909.760824294 9564.312308097
116039.668931951 9300.609411559
116169.576632771 9045.983521552
116299.491562181 8802.702790949
116429.395518767 8570.170622413
116569.297799478 8346.371947798
116699.207704749 8130.429464464
116829.120886187 7925.500338227
116959.027727960 7726.715425937
117088.944645329 7536.034149732
117228.846136263 7351.908807461
117358.750127337 7174.929149175
117488.661284958 7004.396151498
117628.569444183 6838.851510222
117758.479040420 6680.884812130
117888.384170206 6527.670251052
118028.289228105 6380.185326409
118158.204377540 6236.856895563
118298.101037818 6099.297943002
118428.013321587 5965.561544716
118567.914950058 5835.420678454
118697.829202538 5716.017138573
118837.731484199 5595.248838680
118977.630677140 5478.936613480
119107.542254599 5365.546676579
119247.444525524 5255.060587732
119387.349399802 5140.346130102
119527.255689995 5039.185248730
119657.159404754 4939.805006248
119797.069160981 4845.725746427
119936.967817200 4752.401687560
120076.872568314 4660.982578418
