# lambda [Ang], Cext [nm^2]
100020.756764226 30148.004684148
100120.689543927 31493.086717071
100220.617672277 32936.356741394
100320.547002020 34489.791623744
100410.488436786 36164.898171089
100510.417749815 37969.386826102
100610.346510032 39923.480824902
100710.280582198 42040.706183092
100800.217886195 44346.963951220
100900.147509462 46857.999081720
101000.080794012 49601.156564574
101100.010592128 52608.413351891
101199.942888175 55920.497984417
101299.870538009 59572.067062781
101399.799478983 63618.337820729
101499.735663391 68126.039647085
101589.670837607 73164.128810637
101689.600254777 78812.820835695
101789.535301185 85192.011454939
101889.462201654 92426.093689572
101999.387550738 100676.447839673
102099.315892513 110178.564088294
102199.247526122 121164.959893166
102299.181860513 134007.411699642
102399.111726635 149146.268447248
102499.043148387 167152.991816839
102598.968891315 188845.702849434
102698.901790407 215339.528828841
102808.826419598 248084.556158431
102908.757735588 289388.460235452
103008.687710490 342515.129507226
103108.622578802 412249.441238764
103208.548230679 506335.734101145
103318.473734300 637036.316685352
103418.405281568 823895.734938104
103518.332586240 1097195.483617517
103628.256599371 1495028.287979547
103728.192994819 2028035.414738893
103838.117481150 2611312.046526062
103938.046897352 3135411.252455178
104037.975963148 3560362.659434987
104147.902788785 3639261.251870058
104247.828052005 3200209.167878114
104357.755539654 2600438.542154685
104457.688422922 2142649.374885979
104567.606981986 1822820.627125630
104677.534050007 1526332.057550574
104777.465940125 1233957.336067712
104887.386956397 1002822.930415356
104987.320390704 844836.494894655
105097.239641057 741493.123607571
105207.163970856 681561.803605319
105307.094143162 658276.488653407
105417.019795316 662629.558518733
105526.948444280 683060.729796127
105636.872280545 701406.334214100
105736.802821555 711021.891720881
105846.722604174 733919.987505653
105956.649726993 804159.789701141
106066.569262981 936272.263844054
106176.494705527 1069327.020636977
106286.418259654 1066476.108756652
106396.346379635 911004.366867587
106506.263932710 735152.284385788
106616.191911811 614360.684261938
106726.115125697 553353.626801009
106836.040114182 541673.744845150
106945.966225292 573845.687889625
107055.885426180 654277.406706222
107165.811609729 794820.919980131
107275.736790353 1004988.020014371
107385.660304953 1257141.503180176
107495.581410794 1485913.567726313
107605.506739001 1712387.479295922
107715.428309721 1969306.387422452
107835.346956951 2062335.693884726
107945.271771770 1820732.024442345
108055.198110304 1420341.134299787
108165.117803515 1057556.251858089
108285.033215989 783660.921666065
108394.957760572 592874.535528952
108504.880997526 465237.244162833
108624.800671058 380145.000614996
108734.724449282 323623.320370713
108854.640345930 286264.248597396
108964.561658468 263034.908830193
109084.485626752 253181.771120290
109194.409147562 258445.963943268
109314.322877027 282500.897566353
109424.245588273 332341.117991235
109544.161057394 415491.320888905
109654.087767052 523835.927434343
109774.001775275 596074.368451784
109893.924793816 553843.824445786
110003.846635545 434062.844797166
110123.763431284 319791.325964245
110243.679054121 237782.918067974
110353.604699765 182826.317271967
110473.516956140 145619.212388314
110593.441103443 119770.905769171
110713.352900750 101162.213414769
110833.274980500 87353.380605867
110953.190795171 76759.280004244
111063.116164996 68219.597376587
111183.026812418 61099.664709353
111302.944387751 55180.818494384
111422.860311662 50237.181750891
111542.781580241 46060.122375655
111662.699449017 42503.471380585
111782.613145962 39424.767836121
111912.521065897 36725.393906928
112032.445155233 34347.424035783
112152.362465712 32236.917712594
112272.272085525 30348.208060359
112392.189279039 28644.089313101
112512.113230115 27103.794241729
112642.019925333 25696.731467839
112761.935894855 24414.058424021
112881.856130327 23238.052848312
113001.771708058 22153.753996457
113131.680378454 21149.888359593
113251.597229195 20223.514449836
113381.508767511 19359.917630840
113501.423301252 18559.033444526
113621.345390474 17812.237281912
113751.250935251 17110.182788979
113871.165521024 16455.083553274
114001.081007652 15837.934886628
114130.986605179 15257.445564332
114250.906375470 14712.049798236
114380.816265847 14196.551400422
114500.736364434 13710.082957543
114630.646852596 13249.249627299
114760.550837339 12812.232626106
114880.471239133 12398.875770491
115010.378549447 12005.271634820
115140.293214345 11631.265458363
115270.197356186 11276.624259500
115400.106878123 10935.397671788
115530.020824394 10612.853119444
115649.938817174 10304.364054411
115779.844791537 10009.789023172
115909.760824294 9726.969414309
116039.668931951 9458.536704383
116169.576632771 9199.376857961
116299.491562181 8951.716071475
116429.395518767 8715.027501464
116569.297799478 8487.121812565
116699.207704749 8267.196098910
116829.120886187 8058.461348179
116959.027727960 7856.197582430
117088.944645329 7661.943430050
117228.846136263 7474.433460828
117358.750127337 7294.214919024
117488.661284958 7120.158513635
117628.569444183 6952.185378639
117758.479040420 6791.467648471
117888.384170206 6635.417172934
118028.289228105 6485.652171830
118158.204377540 6339.748855781
118298.101037818 6199.165261171
118428.013321587 6063.670803262
118567.914950058 5932.215130625
118697.829202538 5805.180138904
118837.731484199 5681.781247499
118977.630677140 5562.882176538
119107.542254599 5447.461915610
119247.444525524 5335.392584178
119387.349399802 5227.111167000
119527.255689995 5122.026508654
119657.159404754 5020.368248139
119797.069160981 4921.568687347
119936.967817200 4825.205990034
120076.872568314 4731.926622836
