# lambda [Ang], Cext [nm^2]
125003.46015 6159.50070
124853.56267 5850.12706
124703.66811 5678.78009
124553.77772 5583.26408
124403.87307 5536.29005
124253.98495 5725.52453
124104.08531 5686.42400
123954.18514 5681.34507
123804.29566 5701.53372
123654.39852 5740.59474
123514.49168 5792.79477
123364.59791 5857.48854
123214.70051 5931.94702
123074.79367 6014.29045
122924.89742 6104.08537
122784.99532 6178.41586
122635.10530 6282.70905
122485.20847 6393.07773
122345.30490 6507.73257
122205.39751 6627.39578
122055.50605 6752.60758
121915.59837 6882.41734
121765.69965 7017.72372
121625.79630 7157.61615
121485.89486 7302.80790
121345.99637 7452.98353
121196.10174 7609.76830
121056.19819 7771.46643
120916.29168 7939.02866
120776.39265 8112.62979
120636.48365 8293.48166
120496.58435 8479.77717
120356.67734 8680.04240
120216.77306 8881.35121
120076.87257 9089.32607
119936.96782 9305.63620
119797.06916 9530.96297
119657.15940 9764.01662
119527.25569 10006.12566
119387.34940 10258.46539
119247.44453 10520.75367
119107.54225 10794.52313
118977.63068 11079.31160
118837.73148 11375.35407
118697.82920 11685.49593
118567.91495 12008.20010
118428.01332 12345.33959
118298.10104 12696.07638
118158.20438 13064.59139
118028.28923 13450.20605
117888.38417 13851.74688
117758.47904 14275.03598
117628.56944 14716.73961
117488.66128 15184.01097
117358.75013 15673.83930
117228.84614 16187.93581
117088.94465 16730.66305
116959.02773 17301.37008
116829.12089 17902.65736
116699.20770 18535.08487
116569.29780 19211.12252
116429.39552 19923.69564
116299.49156 20672.67570
116169.57663 21474.59671
116039.66893 22329.17007
115909.76082 23232.65200
115779.84479 24203.35766
115649.93882 25239.87372
115530.02082 26348.32976
115400.10688 27533.94210
115270.19736 28843.28400
115140.29321 30223.09909
115010.37855 31703.12434
114880.47124 33318.02851
114760.55084 35032.52579
114630.64685 36940.42293
114500.73636 39050.87392
114380.81627 41358.81828
114250.90638 43779.44608
114130.98661 46529.69568
114001.08101 49589.97723
113871.16552 52994.97061
113751.25094 56791.95752
113621.34539 61067.59287
113501.42330 65880.38044
113381.50877 71349.14331
113251.59723 77628.26949
113131.68038 84833.76363
113001.77171 93221.05211
112881.85613 103053.09751
112761.93589 114688.62523
112642.01993 128624.35342
112512.11323 145564.15805
112392.18928 166389.50085
112272.27209 192459.90303
112152.36247 225666.53632
112032.44516 268826.92421
111912.52107 326492.17570
111782.61315 405660.34374
111662.69945 517573.34791
111542.78158 680744.16513
111422.86031 926547.84447
111302.94439 1299675.31578
111183.02681 1837414.74805
111063.11616 2454046.73528
110953.19080 2760111.42897
110833.27498 2448254.86704
110713.35290 1844637.91144
110593.44110 1327031.48920
110473.51696 974948.21001
110353.60470 749665.38603
110243.67905 608412.66150
110123.76343 522232.61357
110003.84664 474949.92735
109893.92479 458369.44279
109774.00178 468668.96253
109654.08777 501386.92430
109544.16106 553832.81510
109424.24559 637219.90998
109314.32288 762941.81788
109194.40915 904361.46852
109084.48563 1006717.36075
108964.56166 1098399.10103
108854.64035 1272497.85242
108734.72445 1548259.49613
108624.80067 1779504.25092
108504.88100 1730519.76122
108394.95776 1429207.40411
108285.03322 1110200.73975
108165.11780 887697.86691
108055.19811 761476.88476
107945.27177 711517.24704
107835.34696 726712.86801
107715.42831 806992.59786
107605.50674 957824.37494
107495.58141 1173170.32245
107385.66030 1398424.62191
107275.73679 1551446.73878
107165.81161 1681207.93725
107055.88543 1910190.98406
106945.96623 2208659.51690
106836.04011 2326858.99895
106726.11513 2067804.58663
106616.19191 1620382.29012
106506.26393 1232127.50427
106396.34638 958721.81390
106286.41826 775941.92131
106176.49471 658494.11200
106066.56926 590812.66356
105956.64973 561401.02490
105846.72260 561137.78046
105736.80282 578469.43581
105636.87228 593096.02394
105526.94844 602820.79863
105417.01980 621106.67650
105307.09414 645464.13185
105207.16397 675953.32142
105097.23964 721530.93549
104987.32039 789218.49257
104887.38696 891708.36352
104777.46594 1042098.94583
104677.53405 1254350.97812
104567.60698 1559377.12156
104457.68842 1982966.89803
104357.75554 2550659.87112
104247.82805 3258109.31719
104147.90279 3769741.57522
104037.97596 3545888.54813
103938.04690 2758012.21743
103838.11748 1973229.90685
103728.19299 1405285.85813
103628.25660 1026864.68703
103518.33259 775051.62346
103418.40528 603440.20716
103318.47373 482650.35316
103208.54823 395002.63326
103108.62258 329650.61574
103008.68771 279705.85206
102908.75774 240637.18185
102808.82642 209572.46682
102698.90179 184468.28915
102598.96889 163812.15194
102499.04315 146647.29822
102399.11173 132212.53048
102299.18186 119934.76096
102199.24753 109408.26454
102099.31589 100317.13214
101999.38755 92384.62561
101889.46220 85441.37629
101789.53530 79306.46917
101689.60025 73857.86395
101589.67084 68999.66467
101499.73566 64639.56082
101399.79948 60715.15678
101299.87054 57172.10622
101199.94289 53956.48520
101100.01059 51024.16269
101000.08079 48348.10675
100900.14751 45894.91063
100800.21789 43638.43853
100710.28058 41556.33432
100610.34651 39636.63900
100510.41775 37857.32939
100410.48844 36206.99227
100320.54700 34668.34814
100220.61767 33235.92591
100120.68954 31899.87776
100020.75676 30649.94409
