# lambda [Ang], Cext [nm^2]
100020.756764226 30355.238352794
100120.689543927 31180.007428385
100220.617672277 32043.695445174
100320.547002020 32950.363086226
100410.488436786 33904.096367702
100510.417749815 34903.041990130
100610.346510032 35954.903226633
100710.280582198 37062.411399230
100800.217886195 38234.677009531
100900.147509462 39470.327071596
101000.080794012 40777.800784822
101100.010592128 42163.855636995
101199.942888175 43638.762889656
101299.870538009 45207.183821153
101399.799478983 46881.652458486
101499.735663391 48676.161796026
101589.670837607 50604.835442874
101689.600254777 52676.143641466
101789.535301185 54915.611734884
101889.462201654 57343.106664598
101999.387550738 59982.371458030
102099.315892513 62879.380358386
102199.247526122 66061.525429192
102299.181860513 69594.999946086
102399.111726635 73536.208086017
102499.043148387 77968.139258235
102598.968891315 83005.867263936
102698.901790407 88800.340776998
102808.826419598 95526.529129239
102908.757735588 103504.683552599
103008.687710490 113132.596876678
103108.622578802 124981.680613313
103208.548230679 139992.895965788
103318.473734300 159594.952604497
103418.405281568 186067.537920559
103518.332586240 222863.453933698
103628.256599371 274339.489455986
103728.192994819 341471.748574298
103838.117481150 412269.196536182
103938.046897352 471164.138747940
104037.975963148 533701.457735847
104147.902788785 623083.416641495
104247.828052005 715945.151356423
104357.755539654 736920.480056247
104457.688422922 673974.301276576
104567.606981986 605237.810413145
104677.534050007 579135.352845106
104777.465940125 584736.585546053
104887.386956397 576518.394497570
104987.320390704 538940.052412740
105097.239641057 500801.655556585
105207.163970856 473859.764939707
105307.094143162 454456.116962741
105417.019795316 446709.355337786
105526.948444280 457688.906321710
105636.872280545 489117.152690948
105736.802821555 533806.759331813
105846.722604174 576087.685056924
105956.649726993 609412.301580636
106066.569262981 653707.593858092
106176.494705527 732581.762205731
106286.418259654 862874.276442303
106396.346379635 1064527.856639954
106506.263932710 1366140.890308163
106616.191911811 1796427.464353233
106726.115125697 2330046.522085037
106836.040114182 2754915.685045890
106945.966225292 2745274.677188226
107055.885426180 2363699.036143108
107165.811609729 1965059.054879843
107275.736790353 1711229.061360560
107385.660304953 1607214.824950098
107495.581410794 1626710.009020853
107605.506739001 1758954.604875732
107715.428309721 2009396.545398447
107835.346956951 2409327.482412471
107945.271771770 3027708.372353218
108055.198110304 3974621.694883220
108165.117803515 5406917.553301768
108285.033215989 7491271.243873710
108394.957760572 10112029.592480699
108504.880997526 12138136.748959832
108624.800671058 11866466.059440756
108734.724449282 9660851.546682060
108854.640345930 7211094.583728619
108964.561658468 5239720.728536754
109084.485626752 3828351.167073908
109194.409147562 2881750.824323350
109314.322877027 2253548.488827208
109424.245588273 1833288.955972406
109544.161057394 1551610.589295230
109654.087767052 1366151.842720608
109774.001775275 1251770.248286402
109893.924793816 1195676.693534790
110003.846635545 1194528.166558757
110123.763431284 1253503.168235097
110243.679054121 1387286.339816552
110353.604699765 1624882.896270608
110473.516956140 2018204.656940446
110593.441103443 2648410.502735282
110713.352900750 3612786.554347825
110833.274980500 4868330.150548859
110953.190795171 5830670.377331555
111063.116164996 5587692.567839878
111183.026812418 4372888.749376882
111302.944387751 3134093.630443607
111422.860311662 2233417.700420769
111542.781580241 1635063.545823194
111662.699449017 1239138.941703892
111782.613145962 969421.273487884
111912.521065897 779721.403861306
112032.445155233 642112.037801517
112152.362465712 539395.565688863
112272.272085525 460571.539819886
112392.189279039 398760.629575531
112512.113230115 349423.514820503
112642.019925333 309210.870065887
112761.935894855 276085.089827780
112881.856130327 248383.655198379
113001.771708058 224930.641479006
113131.680378454 204879.998466382
113251.597229195 187618.020139934
113381.508767511 172563.112521856
113501.423301252 159411.383463962
113621.345390474 147814.675817930
113751.250935251 137495.093138874
113871.165521024 128315.541047851
114001.081007652 120071.423266985
114130.986605179 112640.962926098
114250.906375470 105931.050892400
114380.816265847 99830.612901668
114500.736364434 94274.634989421
114630.646852596 89192.044143993
114760.550837339 84524.334760654
114880.471239133 80242.048393923
115010.378549447 76285.250580868
115140.293214345 72628.655515489
115270.197356186 69247.938177610
115400.106878123 66084.551618819
115530.020824394 63162.366060555
115649.938817174 60429.995808458
115779.844791537 57882.419863433
115909.760824294 55487.403704062
116039.668931951 53258.114296784
116169.576632771 51150.009300659
116299.491562181 49172.770552119
116429.395518767 47315.426543344
116569.297799478 45560.444199717
116699.207704749 43895.856219240
116829.120886187 42338.810479613
116959.027727960 40854.266799377
117088.944645329 39451.012357343
117228.846136263 38117.137560473
117358.750127337 36854.080097191
117488.661284958 35651.181751027
117628.569444183 34504.371263687
117758.479040420 33420.582299728
117888.384170206 32382.640307514
118028.289228105 31398.450266664
118158.204377540 30453.993892991
118298.101037818 29551.759258013
118428.013321587 28691.549849017
118567.914950058 27866.971272346
118697.829202538 27078.034932647
118837.731484199 26320.364155742
118977.630677140 25597.401997794
119107.542254599 24902.243037462
119247.444525524 24234.262107729
119387.349399802 23594.597476703
119527.255689995 22979.431100833
119657.159404754 22389.316057971
119797.069160981 21821.513627056
119936.967817200 21272.576405445
120076.872568314 20745.691944129
