# lambda [Ang], Cext [nm^2]
100020.756764226 15121.979794872
100120.689543927 15512.120973312
100220.617672277 15920.042097781
100320.547002020 16347.601988600
100410.488436786 16796.715951179
100510.417749815 17266.290510012
100610.346510032 17759.920633165
100710.280582198 18278.826814568
100800.217886195 18827.248490928
100900.147509462 19404.263941824
101000.080794012 20013.801357840
101100.010592128 20658.832278836
101199.942888175 21344.049693554
101299.870538009 22071.418216697
101399.799478983 22846.606400210
101499.735663391 23675.876576664
101589.670837607 24565.665414225
101689.600254777 25519.388761795
101789.535301185 26548.654317880
101889.462201654 27662.270678525
101999.387550738 28870.705487958
102099.315892513 30194.747085014
102199.247526122 31646.293738026
102299.181860513 33255.194091420
102399.111726635 35046.145234995
102499.043148387 37056.174031786
102598.968891315 39336.336907982
102698.901790407 41953.693896160
102808.826419598 44985.097767540
102908.757735588 48573.123288549
103008.687710490 52892.772694505
103108.622578802 58195.572527286
103208.548230679 64895.907195364
103318.473734300 73621.015213875
103418.405281568 85375.107311350
103518.332586240 101696.292902080
103628.256599371 124615.875044666
103728.192994819 154960.819658504
103838.117481150 187632.462995750
103938.046897352 213150.138925559
104037.975963148 235901.894457244
104147.902788785 270793.905414428
104247.828052005 316381.446158022
104357.755539654 341867.122147342
104457.688422922 326718.280043461
104567.606981986 298040.809900241
104677.534050007 282171.449216206
104777.465940125 278843.337014424
104887.386956397 272977.433930139
104987.320390704 257497.049490639
105097.239641057 241081.040747045
105207.163970856 227970.495589181
105307.094143162 218165.420356987
105417.019795316 214046.052100880
105526.948444280 218166.982837602
105636.872280545 231346.100052626
105736.802821555 250586.799638641
105846.722604174 267360.159372824
105956.649726993 277846.374148984
106066.569262981 290617.472971830
106176.494705527 315308.438978147
106286.418259654 358982.525537099
106396.346379635 429714.488383699
106506.263932710 539962.530742669
106616.191911811 701882.730531209
106726.115125697 896276.934969426
106836.040114182 1018326.040632625
106945.966225292 967336.585929020
107055.885426180 825158.161154084
107165.811609729 711447.003304460
107275.736790353 658444.966846993
107385.660304953 658982.371681492
107495.581410794 699398.175880621
107605.506739001 774573.215177382
107715.428309721 886784.839650831
107835.346956951 1034856.781379778
107945.271771770 1240013.434032152
108055.198110304 1553083.876994680
108165.117803515 2020491.254571326
108285.033215989 2661644.995692539
108394.957760572 3388750.942834224
108504.880997526 3802976.635333998
108624.800671058 3573151.129940406
108734.724449282 3092418.154870582
108854.640345930 2831865.811325633
108964.561658468 2855801.649484266
109084.485626752 2885365.836127495
109194.409147562 2573792.680690772
109314.322877027 2030353.048549302
109424.245588273 1548807.176152399
109544.161057394 1218420.789243355
109654.087767052 1012693.952688801
109774.001775275 894132.223660148
109893.924793816 838569.667625902
110003.846635545 833764.301506240
110123.763431284 876957.703484455
110243.679054121 973987.804458527
110353.604699765 1141102.392271090
110473.516956140 1409631.661336603
110593.441103443 1832444.080985878
110713.352900750 2494251.145471559
110833.274980500 3484794.614052311
110953.190795171 4722103.042198223
111063.116164996 5565868.233217260
111183.026812418 5185419.864422616
111302.944387751 3975421.091262954
111422.860311662 2815631.439962418
111542.781580241 1990347.123640014
111662.699449017 1446529.611147138
111782.613145962 1086267.666844344
111912.521065897 841357.900030105
112032.445155233 669644.321662166
112152.362465712 545488.932237961
112272.272085525 453001.694735348
112392.189279039 382432.958426746
112512.113230115 327498.604833600
112642.019925333 283759.272321408
112761.935894855 248496.443826510
112881.856130327 219597.929466115
113001.771708058 195589.386848292
113131.680378454 175430.192014470
113251.597229195 158359.548632122
113381.508767511 143707.586855356
113501.423301252 131097.631396981
113621.345390474 120135.351912024
113751.250935251 110512.965915676
113871.165521024 102063.971486923
114001.081007652 94569.830888149
114130.986605179 87892.676035180
114250.906375470 81931.720676162
114380.816265847 76571.453433529
114500.736364434 71737.702423493
114630.646852596 67360.664355520
114760.550837339 63378.480329825
114880.471239133 59757.298657898
115010.378549447 56441.498719625
115140.293214345 53402.104648271
115270.197356186 50614.591488399
115400.106878123 48026.899195789
115530.020824394 45653.565453505
115649.938817174 43450.261866683
115779.844791537 41410.374952508
115909.760824294 39505.544049936
116039.668931951 37743.632075465
116169.576632771 36088.439910444
116299.491562181 34544.501803098
116429.395518767 33103.121803631
116569.297799478 31749.004776554
116699.207704749 30471.660794252
116829.120886187 29282.614743877
116959.027727960 28155.069360424
117088.944645329 27094.376853228
117228.846136263 26091.114669242
117358.750127337 25145.413128952
117488.661284958 24248.851424565
117628.569444183 23397.983256322
117758.479040420 22596.915844923
117888.384170206 21833.043189590
118028.289228105 21111.501542402
118158.204377540 20421.919622640
118298.101037818 19765.680355434
118428.013321587 19142.171760474
118567.914950058 18546.761180978
118697.829202538 17978.962207160
118837.731484199 17435.649796739
118977.630677140 16918.827591809
119107.542254599 16423.455654940
119247.444525524 15949.122770156
119387.349399802 15496.113693770
119527.255689995 15061.761051017
119657.159404754 14646.248071039
119797.069160981 14247.527591107
119936.967817200 13863.406618045
120076.872568314 13495.526082321
