# lambda [Ang], Cext [nm^2]
100020.756764226 30324.420216819
100120.689543927 31150.134506652
100220.617672277 32014.863382710
100320.547002020 32922.671955291
100410.488436786 33877.653935737
100510.417749815 34877.975860917
100610.346510032 35931.340666631
100710.280582198 37040.512633003
100800.217886195 38214.638560768
100900.147509462 39452.357240571
101000.080794012 40762.145723893
101100.010592128 42150.810296651
101199.942888175 43628.655504973
101299.870538009 45200.412011232
101399.799478983 46878.731183917
101499.735663391 48677.670171866
101589.670837607 50611.505987180
101689.600254777 52688.851694326
101789.535301185 54935.490025378
101889.462201654 57371.589372790
101999.387550738 60021.307232568
102099.315892513 62931.202019920
102199.247526122 66129.499516102
102299.181860513 69683.519838560
102399.111726635 73651.435390795
102499.043148387 78118.604634889
102598.968891315 83203.734072770
102698.901790407 89063.472853104
102808.826419598 95881.250230420
102908.757735588 103990.774137145
103008.687710490 113811.927108288
103108.622578802 125953.296496768
103208.548230679 141419.341045245
103318.473734300 161751.356561281
103418.405281568 189433.483474724
103518.332586240 228317.725291202
103628.256599371 283539.270443029
103728.192994819 357078.548801303
103838.117481150 433495.773318444
103938.046897352 477953.256740982
104037.975963148 492849.800589967
104147.902788785 526031.273571023
104247.828052005 606717.724326319
104357.755539654 716699.928907680
104457.688422922 775880.309363934
104567.606981986 726250.171426782
104677.534050007 631130.749927694
104777.465940125 563002.512910004
104887.386956397 536688.082236012
104987.320390704 527709.917561264
105097.239641057 507639.667653312
105207.163970856 480632.513575600
105307.094143162 460496.129176382
105417.019795316 453881.623316817
105526.948444280 463874.753277049
105636.872280545 487200.044441863
105736.802821555 518981.775045572
105846.722604174 563600.366789574
105956.649726993 629906.173135480
106066.569262981 729311.678090897
106176.494705527 879693.497518675
106286.418259654 1102588.376719550
106396.346379635 1401510.123222806
106506.263932710 1689787.524760740
106616.191911811 1765189.299984175
106726.115125697 1590933.365257628
106836.040114182 1374082.603342400
106945.966225292 1243385.301882444
107055.885426180 1212044.441396259
107165.811609729 1266880.945085969
107275.736790353 1401040.200231438
107385.660304953 1618529.875178962
107495.581410794 1932216.633917687
107605.506739001 2366390.340637803
107715.428309721 2960033.794003908
107835.346956951 3792661.581349404
107945.271771770 5023556.574826567
108055.198110304 6841439.749794427
108165.117803515 9284748.546816118
108285.033215989 11705256.006640714
108394.957760572 12389941.666113427
108504.880997526 10650862.644541666
108624.800671058 8113968.967380361
108734.724449282 6132464.376734168
108854.640345930 4919793.780920464
108964.561658468 4168433.721761266
109084.485626752 3475392.076143119
109194.409147562 2762271.356760529
109314.322877027 2173865.480102262
109424.245588273 1755954.959884979
109544.161057394 1473175.470810660
109654.087767052 1284508.890450172
109774.001775275 1165817.793011993
109893.924793816 1104726.850105916
110003.846635545 1093211.569331505
110123.763431284 1125479.107658903
110243.679054121 1205418.825102738
110353.604699765 1356277.573844276
110473.516956140 1616761.966703934
110593.441103443 2043594.411732092
110713.352900750 2721492.597034580
110833.274980500 3724680.739416779
110953.190795171 4911126.126308921
111063.116164996 5567651.075952665
111183.026812418 5001842.771337236
111302.944387751 3778428.956491137
111422.860311662 2687624.870956564
111542.781580241 1925917.227093333
111662.699449017 1423820.399204384
111782.613145962 1088757.154409188
111912.521065897 858726.521244070
112032.445155233 695710.529804914
112152.362465712 576537.311814382
112272.272085525 486767.870358501
112392.189279039 417498.227836730
112512.113230115 362974.058250749
112642.019925333 319074.482510567
112761.935894855 283296.654264135
112881.856130327 253657.322242298
113001.771708058 228767.416273710
113131.680378454 207642.155297605
113251.597229195 189568.056216458
113381.508767511 173895.365380940
113501.423301252 160271.673289882
113621.345390474 148313.435825888
113751.250935251 137714.501821277
113871.165521024 128322.276096646
114001.081007652 119913.449046657
114130.986605179 112355.770026705
114250.906375470 105550.101733010
114380.816265847 99378.751651332
114500.736364434 93768.480598596
114630.646852596 88647.151795028
114760.550837339 83951.712149570
114880.471239133 79650.504134857
115010.378549447 75682.650472256
115140.293214345 72020.030860235
115270.197356186 68638.404267966
115400.106878123 65477.211435190
115530.020824394 62559.922958529
115649.938817174 59834.700435412
115779.844791537 57295.928298268
115909.760824294 54910.842808537
116039.668931951 52692.699697641
116169.576632771 50596.800433704
116299.491562181 48631.347592156
116429.395518767 46786.799646908
116569.297799478 45044.841382832
116699.207704749 43393.438810857
116829.120886187 41849.382718927
116959.027727960 40377.825178769
117088.944645329 38987.432490931
117228.846136263 37666.271106138
117358.750127337 36415.767242078
117488.661284958 35225.216094670
117628.569444183 34090.603924382
117758.479040420 33018.760753660
117888.384170206 31992.776445211
118028.289228105 31020.445790150
118158.204377540 30086.154695793
118298.101037818 29195.111301354
118428.013321587 28347.746109138
118567.914950058 27530.162291589
118697.829202538 26753.079127210
118837.731484199 25995.471340231
118977.630677140 25282.028045698
119107.542254599 24596.025914948
119247.444525524 23936.512216529
119387.349399802 23313.905636383
119527.255689995 22710.379631303
119657.159404754 22125.236525216
119797.069160981 21560.658787009
119936.967817200 21014.795988172
120076.872568314 20490.245667508
