# lambda [Ang], Cext [nm^2]
125003.46015 2696.93665
124853.56267 2773.42922
124703.66811 2835.98244
124553.77772 2388.92877
124403.87307 2582.20178
124253.98495 2724.87272
124104.08531 2836.87420
123954.18514 2929.17392
123804.29566 3061.37295
123654.39852 3123.51366
123514.49168 3182.68508
123364.59791 3241.20269
123214.70051 3299.34421
123074.79367 3357.30106
122924.89742 3415.75317
122784.99532 3474.83977
122635.10530 3534.52492
122485.20847 3595.67128
122345.30490 3657.49033
122205.39751 3720.55726
122055.50605 3785.29280
121915.59837 3851.24162
121765.69965 3918.97758
121625.79630 3988.02313
121485.89486 4058.78335
121345.99637 4131.11116
121196.10174 4205.87720
121056.19819 4282.11333
120916.29168 4360.34368
120776.39265 4440.60661
120636.48365 4523.48623
120496.58435 4608.00055
120356.67734 4695.10267
120216.77306 4784.95197
120076.87257 4876.87849
119936.96782 4971.62426
119797.06916 5069.44206
119657.15940 5169.60066
119527.25569 5272.64765
119387.34940 5379.06547
119247.44453 5488.58584
119107.54225 5601.83392
118977.63068 5716.33434
118837.73148 5836.25411
118697.82920 5960.64257
118567.91495 6088.52091
118428.01332 6220.71372
118298.10104 6356.80985
118158.20438 6497.87198
118028.28923 6643.69046
117888.38417 6793.65571
117758.47904 6949.15669
117628.56944 7109.09147
117488.66128 7276.23711
117358.75013 7448.74478
117228.84614 7627.04698
117088.94465 7812.42114
116959.02773 8004.03578
116829.12089 8203.39727
116699.20770 8409.68378
116569.29780 8625.54448
116429.39552 8848.72756
116299.49156 9079.99913
116169.57663 9321.29877
116039.66893 9573.10609
115909.76082 9841.70724
115779.84479 10116.62126
115649.93882 10402.01335
115530.02082 10711.71785
115400.10688 11025.53992
115270.19736 11357.73771
115140.29321 11675.25526
115010.37855 12030.72369
114880.47124 12402.85254
114760.55084 12796.42873
114630.64685 13206.53436
114500.73636 13637.96413
114380.81627 14108.24367
114250.90638 14591.41796
114130.98661 15131.95918
114001.08101 15660.16805
113871.16552 16213.16201
113751.25094 16798.36973
113621.34539 17413.42044
113501.42330 18079.88061
113381.50877 18788.75320
113251.59723 19546.43819
113131.68038 20350.66384
113001.77171 21212.22495
112881.85613 22134.84308
112761.93589 23119.81032
112642.01993 24177.32366
112512.11323 25323.51435
112392.18928 26556.46716
112272.27209 27888.41803
112152.36247 29336.86909
112032.44516 30893.49870
111912.52107 32616.80634
111782.61315 34531.27828
111662.69945 36583.10228
111542.78158 38912.17624
111422.86031 41454.67784
111302.94439 44313.55403
111183.02681 47528.36963
111063.11616 51144.72075
110953.19080 55311.26619
110833.27498 60092.06635
110713.35290 65641.83226
110593.44110 72164.98234
110473.51696 79938.05485
110353.60470 89364.54450
110243.67905 100963.77801
110123.76343 115583.10245
110003.84664 134424.02404
109893.92479 159439.07225
109774.00178 193748.96533
109654.08777 242393.78155
109544.16106 313332.08527
109424.24559 416664.50479
109314.32288 553799.36230
109194.40915 684933.58872
109084.48563 737171.60655
108964.56166 728343.13041
108854.64035 746941.64027
108734.72445 810434.31768
108624.80067 835524.64550
108504.88100 752046.18652
108394.95776 625253.25100
108285.03322 530416.31495
108165.11780 484020.22211
108055.19811 480317.99494
107945.27177 516035.86772
107835.34696 595154.93229
107715.42831 729184.68148
107605.50674 932248.63354
107495.58141 1201173.76748
107385.66030 1473731.84413
107275.73679 1656720.97982
107165.81161 1812101.18373
107055.88543 2086833.88050
106945.96623 2445595.78511
106836.04011 2593625.82495
106726.11513 2298242.57549
106616.19191 1779268.19149
106506.26393 1328960.04098
106396.34638 1016990.01995
106286.41826 812929.44821
106176.49471 682311.24050
106066.56926 606373.91808
105956.64973 575433.86581
105846.72260 581682.78839
105736.80282 608920.90113
105636.87228 630441.45926
105526.94844 643165.95069
105417.01980 663762.10040
105307.09414 690380.42601
105207.16397 723566.19334
105097.23964 773817.79597
104987.32039 849500.85982
104887.38696 965810.77372
104777.46594 1135877.12021
104677.53405 1373513.81419
104567.60698 1714471.74780
104457.68842 2194093.88653
104357.75554 2851835.70019
104247.82805 3684912.24953
104147.90279 4298185.45922
104037.97596 4057064.67116
103938.04690 3155990.38560
103838.11748 2254069.61058
103728.19299 1600925.49466
103628.25660 1166004.11163
103518.33259 876905.28155
103418.40528 680141.95866
103318.47373 541847.85122
103208.54823 441652.72559
103108.62258 367067.60252
103008.68771 310162.87793
102908.75774 265728.99225
102808.82642 230462.47761
102698.90179 202013.61047
102598.96889 178649.43034
102499.04315 159275.30324
102399.11173 143014.79757
102299.18186 129212.38730
102199.24753 117405.04969
102099.31589 107229.66622
101999.38755 98370.29434
101889.46220 90632.45379
101789.53530 83810.97816
101689.60025 77766.20240
101589.67084 72389.82639
101499.73566 67574.67941
101399.79948 63250.34380
101299.87054 59355.13647
101199.94289 55828.58504
101100.01059 52620.23993
101000.08079 49699.03699
100900.14751 47027.37675
100800.21789 44575.81794
100710.28058 42318.97225
100610.34651 40242.67028
100510.41775 38322.52687
100410.48844 36545.76736
100320.54700 34893.26300
100220.61767 33358.15960
100120.68954 31929.55475
100020.75676 30596.03810
