# lambda [Ang], Cext [nm^2]
125003.46015 56384.01239
124853.56267 57045.44440
124703.66811 59341.77454
124553.77772 61454.25345
124403.87307 63469.09960
124253.98495 65940.49693
124104.08531 67821.78623
123954.18514 69772.36708
123804.29566 71811.10205
123654.39852 73942.59122
123514.49168 76147.61771
123364.59791 78464.26900
123214.70051 80889.36620
123074.79367 83420.47914
122924.89742 86073.33812
122784.99532 88854.21671
122635.10530 91762.20293
122485.20847 94825.48531
122345.30490 98030.84189
122205.39751 101397.93365
122055.50605 104936.78453
121915.59837 108669.62701
121765.69965 112607.93259
121625.79630 116751.65096
121485.89486 121128.39689
121345.99637 125742.96738
121196.10174 130642.90988
121056.19819 135818.33738
120916.29168 141299.23582
120776.39265 147112.76976
120636.48365 153309.34434
120496.58435 159869.86322
120356.67734 166867.68121
120216.77306 174346.70832
120076.87257 182304.27384
119936.96782 190831.28200
119797.06916 199975.76443
119657.15940 209753.66189
119527.25569 220256.47896
119387.34940 231574.72288
119247.44453 243768.89300
119107.54225 256960.36241
118977.63068 271242.16615
118837.73148 286690.00148
118697.82920 303535.07522
118567.91495 321875.05511
118428.01332 341893.80943
118298.10104 363805.26822
118158.20438 387901.60374
118028.28923 414443.16751
117888.38417 443657.36894
117758.47904 476195.07578
117628.56944 512266.52197
117488.66128 552732.59730
117358.75013 598085.73201
117228.84614 649085.68533
117088.94465 706932.36861
116959.02773 772693.73873
116829.12089 848057.07575
116699.20770 934380.44143
116569.29780 1035227.93348
116429.39552 1152510.79198
116299.49156 1290517.61792
116169.57663 1454864.62147
116039.66893 1652383.20411
115909.76082 1890889.37175
115779.84479 2185672.55415
115649.93882 2551842.86403
115530.02082 3016912.93105
115400.10688 3615634.74185
115270.19736 4408828.94624
115140.29321 5473973.47146
115010.37855 6954374.75891
114880.47124 9070501.70033
114760.55084 12190861.74760
114630.64685 16922734.46831
114500.73636 24110848.41969
114380.81627 34335854.84676
114250.90638 45355725.27213
114130.98661 49460776.16772
114001.08101 42333046.23342
113871.16552 31018955.07094
113751.25094 21716643.89370
113621.34539 15370418.46282
113501.42330 11209564.77131
113381.50877 8439369.00968
113251.59723 6538946.23986
113131.68038 5197095.87476
113001.77171 4220012.03434
112881.85613 3489225.80195
112761.93589 2930930.05727
112642.01993 2495559.79908
112512.11323 2149741.34018
112392.18928 1871227.44981
112272.27209 1643475.81860
112152.36247 1455191.34790
112032.44516 1298025.20596
111912.52107 1165536.40876
111782.61315 1053152.92292
111662.69945 957259.98300
111542.78158 875265.33524
111422.86031 805202.77963
111302.94439 745958.23469
111183.02681 696337.25583
111063.11616 652961.35127
110953.19080 610048.04263
110833.27498 565703.75228
110713.35290 524064.24350
110593.44110 487655.91152
110473.51696 456258.15294
110353.60470 428918.56384
110243.67905 404953.30731
110123.76343 383870.76866
110003.84664 365235.73664
109893.92479 348850.01133
109774.00178 334591.62794
109654.08777 322303.33881
109544.16106 312052.77884
109424.24559 303948.55456
109314.32288 298223.77258
109194.40915 295352.17645
109084.48563 296007.68450
108964.56166 301208.78370
108854.64035 311228.26535
108734.72445 324067.80010
108624.80067 337229.90830
108504.88100 355501.96923
108394.95776 387856.05953
108285.03322 442281.75439
108165.11780 525151.21994
108055.19811 640700.60416
107945.27177 782727.13563
107835.34696 920359.37517
107715.42831 1037764.51835
107605.50674 1103622.78576
107495.58141 1037219.52655
107385.66030 877316.09002
107275.73679 720934.48550
107165.81161 602105.27375
107055.88543 520964.59836
106945.96623 463857.22904
106836.04011 416324.49433
106726.11513 371314.96048
106616.19191 330806.22657
106506.26393 299087.32051
106396.34638 275440.31706
106286.41826 257619.46398
106176.49471 242568.04559
106066.56926 229702.37996
105956.64973 222536.89911
105846.72260 222443.11327
105736.80282 227572.03757
105636.87228 232945.06456
105526.94844 233732.51149
105417.01980 231884.57815
105307.09414 230697.03590
105207.16397 230939.91499
105097.23964 233805.23465
104987.32039 244231.01839
104887.38696 267831.49099
104777.46594 309481.96655
104677.53405 370717.33012
104567.60698 434076.65108
104457.68842 453650.28211
104357.75554 401047.20145
104247.82805 315648.30184
104147.90279 242053.82255
104037.97596 190383.54784
103938.04690 155531.78535
103838.11748 131628.70753
103728.19299 114735.11452
103628.25660 102316.49154
103518.33259 92883.39167
103418.40528 85498.24077
103318.47373 79545.57011
103208.54823 74650.40855
103108.62258 70533.80202
103008.68771 67018.17277
102908.75774 63958.60388
102808.82642 61269.52334
102698.90179 58888.40270
102598.96889 56737.57067
102499.04315 54790.35573
102399.11173 53013.49277
102299.18186 51380.03940
102199.24753 49867.56832
102099.31589 48468.10186
101999.38755 47158.23708
101889.46220 45934.93506
101789.53530 44780.69106
101689.60025 43691.08072
101589.67084 42660.69134
101499.73566 41678.95444
101399.79948 40748.28714
101299.87054 39862.67284
101199.94289 39017.38257
101100.01059 38207.58112
101000.08079 37433.31096
100900.14751 36689.87964
100800.21789 35975.67411
100710.28058 35285.85523
100610.34651 34624.63079
100510.41775 33987.05156
100410.48844 33372.19059
100320.54700 32775.42790
100220.61767 32200.92212
100120.68954 31646.03714
100020.75676 31108.82252
