# lambda [Ang], Cext [nm^2]
125003.46015 184761.56892
124853.56267 191195.72671
124703.66811 197981.65341
124553.77772 205105.01088
124403.87307 212689.85965
124253.98495 220696.99737
124104.08531 229192.98221
123954.18514 238148.50466
123804.29566 247652.14962
123654.39852 257750.78816
123514.49168 268394.25491
123364.59791 279757.75474
123214.70051 291866.34110
123074.79367 304745.57518
122924.89742 318495.97358
122784.99532 333208.49323
122635.10530 348920.22267
122485.20847 365810.23737
122345.30490 383904.60148
122205.39751 403354.07955
122055.50605 424346.88359
121915.59837 446996.00118
121765.69965 471509.56301
121625.79630 498038.34551
121485.89486 526878.23373
121345.99637 558219.75218
121196.10174 592519.96804
121056.19819 630009.77150
120916.29168 671105.20644
120776.39265 716317.70920
120636.48365 766364.16903
120496.58435 821590.61666
120356.67734 883046.85202
120216.77306 951744.00539
120076.87257 1028460.50084
119936.96782 1114873.66972
119797.06916 1212726.61698
119657.15940 1323635.99544
119527.25569 1450338.09099
119387.34940 1596095.28889
119247.44453 1764627.71075
119107.54225 1961186.60832
118977.63068 2192302.50799
118837.73148 2465372.40967
118697.82920 2792866.97632
118567.91495 3189098.34690
118428.01332 3673609.14763
118298.10104 4275167.82891
118158.20438 5034202.85172
118028.28923 6008194.00620
117888.38417 7279606.23820
117758.47904 8989764.32732
117628.56944 11335346.88066
117488.66128 14666432.61669
117358.75013 19535285.33358
117228.84614 26843915.62551
117088.94465 37998200.90938
116959.02773 54332953.99623
116829.12089 74068897.68515
116699.20770 86182799.07612
116569.29780 78754042.61340
116429.39552 59639221.11069
116299.49156 42006835.71654
116169.57663 29566884.47820
116039.66893 21367840.27986
115909.76082 15961894.59688
115779.84479 12270701.89400
115649.93882 9692597.54951
115530.02082 7825589.82993
115400.10688 6443845.76221
115270.19736 5390533.88957
115140.29321 4577050.43808
115010.37855 3933107.72829
114880.47124 3416527.37985
114760.55084 2995856.02152
114630.64685 2649305.22920
114500.73636 2360994.64347
114380.81627 2118136.71066
114250.90638 1912680.67350
114130.98661 1736994.23220
114001.08101 1585933.90907
113871.16552 1455509.52902
113751.25094 1342159.05427
113621.34539 1243357.58231
113501.42330 1157035.72759
113381.50877 1081556.62747
113251.59723 1015571.86909
113131.68038 958034.59682
113001.77171 908228.46765
112881.85613 865428.82175
112761.93589 829419.67199
112642.01993 800096.92687
112512.11323 777632.53415
112392.18928 762442.07033
112272.27209 755558.17142
112152.36247 758580.39263
112032.44516 774144.85739
111912.52107 806598.15719
111782.61315 862947.06144
111662.69945 954594.81255
111542.78158 1100624.87409
111422.86031 1332953.15070
111302.94439 1695511.46930
111183.02681 2214571.95604
111063.11616 2767388.22951
110953.19080 2947698.09431
110833.27498 2559200.46234
110713.35290 1976330.31513
110593.44110 1506550.10116
110473.51696 1191908.70232
110353.60470 991174.70554
110243.67905 866394.40232
110123.76343 793215.95629
110003.84664 758844.32039
109893.92479 758644.45216
109774.00178 794537.15193
109654.08777 874053.88892
109544.16106 1004508.97951
109424.24559 1169632.82636
109314.32288 1304247.90157
109194.40915 1383704.71866
109084.48563 1498644.99664
108964.56166 1740964.71397
108854.64035 2166145.23794
108734.72445 2755416.99285
108624.80067 3225559.93692
108504.88100 3162474.41761
108394.95776 2691013.54867
108285.03322 2181839.77273
108165.11780 1771052.25037
108055.19811 1488634.54362
107945.27177 1310056.49021
107835.34696 1201609.65736
107715.42831 1163700.69772
107605.50674 1160551.52311
107495.58141 1105809.44403
107385.66030 990974.81229
107275.73679 871003.77120
107165.81161 768393.38725
107055.88543 687144.91567
106945.96623 619952.41778
106836.04011 558603.27305
106726.11513 500861.51427
106616.19191 448846.95428
106506.26393 404582.72907
106396.34638 369157.09147
106286.41826 343034.88501
106176.49471 325331.86089
106066.56926 314998.39889
105956.64973 310170.80120
105846.72260 306219.90437
105736.80282 301856.57522
105636.87228 298221.64998
105526.94844 294485.83318
105417.01980 292198.69789
105307.09414 292475.89307
105207.16397 294894.65308
105097.23964 299376.58565
104987.32039 307684.56948
104887.38696 326900.19400
104777.46594 361637.94834
104677.53405 408562.56868
104567.60698 467571.82870
104457.68842 532135.31815
104357.75554 557175.59856
104247.82805 502644.27110
104147.90279 403400.75605
104037.97596 313570.50165
103938.04690 249047.08114
103838.11748 205229.24942
103728.19299 175215.60510
103628.25660 153944.77850
103518.33259 138311.13261
103418.40528 126419.89263
103318.47373 117073.07400
103208.54823 109543.86282
103108.62258 103318.98787
103008.68771 98078.32852
102908.75774 93570.06666
102808.82642 89646.02279
102698.90179 86199.17648
102598.96889 83106.14373
102499.04315 80320.87778
102399.11173 77790.56061
102299.18186 75472.87878
102199.24753 73332.89409
102099.31589 71357.96907
101999.38755 69512.40081
101889.46220 67792.30418
101789.53530 66171.10307
101689.60025 64642.21844
101589.67084 63197.49109
101499.73566 61821.39520
101399.79948 60517.68271
101299.87054 59277.35537
101199.94289 58093.62097
101100.01059 56959.49430
101000.08079 55874.82421
100900.14751 54833.17643
100800.21789 53832.21381
100710.28058 52864.30634
100610.34651 51936.77020
100510.41775 51042.05468
100410.48844 50178.74840
100320.54700 49340.11485
100220.61767 48532.56517
100120.68954 47752.14223
100020.75676 46996.05365
