# lambda [Ang], Cext [nm^2]
125003.46015 8397.84284
124853.56267 8596.78530
124703.66811 8780.86906
124553.77772 8964.55561
124403.87307 9146.59858
124253.98495 9341.42993
124104.08531 9537.32032
123954.18514 9739.92526
123804.29566 9944.24508
123654.39852 10156.11691
123514.49168 10372.07604
123364.59791 10598.20411
123214.70051 10829.16058
123074.79367 11071.26656
122924.89742 11318.04451
122784.99532 11573.10765
122635.10530 11835.52362
122485.20847 12109.17855
122345.30490 12390.34951
122205.39751 12681.25981
122055.50605 12983.51081
121915.59837 13295.81395
121765.69965 13620.19981
121625.79630 13955.33950
121485.89486 14303.05195
121345.99637 14662.91078
121196.10174 15038.67350
121056.19819 15427.16178
120916.29168 15830.54579
120776.39265 16249.60266
120636.48365 16687.24206
120496.58435 17139.89721
120356.67734 17612.10937
120216.77306 18105.28987
120076.87257 18617.03711
119936.96782 19151.48804
119797.06916 19710.55416
119657.15940 20291.79098
119527.25569 20898.63955
119387.34940 21534.14208
119247.44453 22198.20125
119107.54225 22894.81225
118977.63068 23623.85529
118837.73148 24385.98318
118697.82920 25188.71136
118567.91495 26029.52294
118428.01332 26913.00329
118298.10104 27840.31483
118158.20438 28818.26612
118028.28923 29848.35581
117888.38417 30928.82790
117758.47904 32075.25687
117628.56944 33280.53847
117488.66128 34563.60087
117358.75013 35919.16007
117228.84614 37352.64023
117088.94465 38877.20826
116959.02773 40493.46421
116829.12089 42216.21699
116699.20770 44038.30248
116569.29780 46000.98924
116429.39552 48087.61423
116299.49156 50315.70063
116169.57663 52709.62824
116039.66893 55283.74514
115909.76082 58032.95251
115779.84479 61014.73999
115649.93882 64218.85647
115530.02082 67691.64297
115400.10688 71445.72640
115270.19736 75553.32377
115140.29321 79995.79365
115010.37855 84859.36646
114880.47124 90186.79184
114760.55084 96030.99828
114630.64685 102486.78402
114500.73636 109616.33050
114380.81627 117530.51627
114250.90638 126352.72248
114130.98661 136222.30977
114001.08101 147344.79213
113871.16552 159913.58465
113751.25094 174189.84133
113621.34539 190581.08933
113501.42330 209433.69234
113381.50877 231347.48811
113251.59723 257117.61528
113131.68038 287577.36581
113001.77171 324155.10063
112881.85613 368614.46071
112761.93589 423466.49763
112642.01993 492456.12866
112512.11323 581303.12225
112392.18928 698228.94591
112272.27209 857268.44861
112152.36247 1080303.96138
112032.44516 1402023.15673
111912.52107 1870509.54152
111782.61315 2510226.89467
111662.69945 3182902.94913
111542.78158 3517036.06045
111422.86031 3442055.32276
111302.94439 3389513.72367
111183.02681 3690615.37518
111063.11616 4504199.19389
110953.19080 5962799.42191
110833.27498 8028838.03591
110713.35290 9849088.94513
110593.44110 9759898.35276
110473.51696 7794786.69365
110353.60470 5591834.12867
110243.67905 3952118.98771
110123.76343 2859719.99473
110003.84664 2140813.56203
109893.92479 1658320.40486
109774.00178 1325959.73409
109654.08777 1091064.99976
109544.16106 922631.00650
109424.24559 801697.04736
109314.32288 716573.39520
109194.40915 660338.94395
109084.48563 626400.72680
108964.56166 608931.71260
108854.64035 609552.54878
108734.72445 638745.41077
108624.80067 710127.58911
108504.88100 838373.62714
108394.95776 1024934.92359
108285.03322 1225932.07612
108165.11780 1379285.61675
108055.19811 1481879.66633
107945.27177 1504640.75150
107835.34696 1405788.68009
107715.42831 1189069.72450
107605.50674 947633.88107
107495.58141 770703.17566
107385.66030 668269.70727
107275.73679 608151.00731
107165.81161 559739.76412
107055.88543 521062.56366
106945.96623 489048.14144
106836.04011 444036.37587
106726.11513 389583.62305
106616.19191 342457.84344
106506.26393 303628.52446
106396.34638 271474.56365
106286.41826 247546.50157
106176.49471 231573.52129
106066.56926 223602.24493
105956.64973 223892.48403
105846.72260 228331.64578
105736.80282 226049.15455
105636.87228 214091.97005
105526.94844 202550.79987
105417.01980 197124.94500
105307.09414 197151.22215
105207.16397 200629.31545
105097.23964 206594.85163
104987.32039 216540.13103
104887.38696 236500.49191
104777.46594 269583.08194
104677.53405 311942.89063
104567.60698 362314.44020
104457.68842 409913.77480
104357.75554 410517.50935
104247.82805 346183.85542
104147.90279 263580.07475
104037.97596 197996.17481
103938.04690 152848.21892
103838.11748 122375.86110
103728.19299 101394.16946
103628.25660 86423.66977
103518.33259 75363.95403
103418.40528 66933.11264
103318.47373 60312.28613
103208.54823 54992.10139
103108.62258 50619.94010
103008.68771 46964.26979
102908.75774 43848.99661
102808.82642 41165.16330
102698.90179 38830.21390
102598.96889 36762.83493
102499.04315 34924.28655
102399.11173 33275.20192
102299.18186 31784.00958
102199.24753 30426.77574
102099.31589 29188.98746
101999.38755 28048.52552
101889.46220 26998.69574
101789.53530 26023.33020
101689.60025 25115.40624
101589.67084 24268.58269
101499.73566 23473.52096
101399.79948 22728.58916
101299.87054 22028.61235
101199.94289 21368.61239
101100.01059 20743.96424
101000.08079 20153.40409
100900.14751 19592.99539
100800.21789 19060.41545
100710.28058 18552.12258
100610.34651 18069.57049
100510.41775 17608.94278
100410.48844 17169.27166
100320.54700 16747.27445
100220.61767 16344.38075
100120.68954 15958.83406
100020.75676 15588.99732
