# lambda [Ang], Cext [nm^2]
125003.46015 2706.83257
124853.56267 2763.92578
124703.66811 2822.22915
124553.77772 2882.02357
124403.87307 2943.54596
124253.98495 3006.96974
124104.08531 3072.68588
123954.18514 3140.10570
123804.29566 3210.06790
123654.39852 3282.56681
123514.49168 3356.72324
123364.59791 3434.02719
123214.70051 3514.22847
123074.79367 3597.10656
122924.89742 3683.18635
122784.99532 3772.50356
122635.10530 3864.92291
122485.20847 3961.42938
122345.30490 4061.20774
122205.39751 4164.91345
122055.50605 4273.17443
121915.59837 4385.63425
121765.69965 4503.02739
121625.79630 4625.01667
121485.89486 4752.32801
121345.99637 4884.88375
121196.10174 5023.87794
121056.19819 5168.82498
120916.29168 5320.33891
120776.39265 5478.98890
120636.48365 5645.74331
120496.58435 5819.57682
120356.67734 6002.44781
120216.77306 6195.03350
120076.87257 6396.71263
119936.96782 6609.27162
119797.06916 6833.77911
119657.15940 7069.61327
119527.25569 7318.52613
119387.34940 7582.10067
119247.44453 7860.77445
119107.54225 8156.65915
118977.63068 8470.48362
118837.73148 8803.05085
118697.82920 9158.19955
118567.91495 9536.12549
118428.01332 9939.46069
118298.10104 10370.09255
118158.20438 10832.23186
118028.28923 11328.16801
117888.38417 11859.01491
117758.47904 12433.88815
117628.56944 13052.06164
117488.66128 13724.86756
117358.75013 14453.92450
117228.84614 15245.50769
117088.94465 16110.98598
116959.02773 17056.63270
116829.12089 18096.46963
116699.20770 19234.88257
116569.29780 20504.39632
116429.39552 21907.40114
116299.49156 23469.01955
116169.57663 25221.67057
116039.66893 27196.80064
115909.76082 29418.58070
115779.84479 31961.29348
115649.93882 34860.97087
115530.02082 38211.61727
115400.10688 42094.13484
115270.19736 46668.74439
115140.29321 52045.13075
115010.37855 58480.93919
114880.47124 66257.16487
114760.55084 75767.90260
114630.64685 87596.90533
114500.73636 102510.26844
114380.81627 121706.53117
114250.90638 146912.18636
114130.98661 180838.10380
114001.08101 227850.60508
113871.16552 294867.61186
113751.25094 393482.24479
113621.34539 542973.38038
113501.42330 769815.43069
113381.50877 1092301.38941
113251.59723 1441907.80017
113131.68038 1574091.63036
113001.77171 1351246.01722
112881.85613 994138.44478
112761.93589 700555.17676
112642.01993 500821.18379
112512.11323 369967.02062
112392.18928 283363.84378
112272.27209 224359.71568
112152.36247 183075.37025
112032.44516 153484.89954
111912.52107 131828.01962
111782.61315 115775.11767
111662.69945 103793.28845
111542.78158 94873.82918
111422.86031 88325.98887
111302.94439 83709.65224
111183.02681 80715.13925
111063.11616 79156.40446
110953.19080 78932.63761
110833.27498 80038.88774
110713.35290 82539.54102
110593.44110 86582.21372
110473.51696 92426.03585
110353.60470 100499.71912
110243.67905 111386.67268
110123.76343 126082.34702
110003.84664 146023.26043
109893.92479 173486.48730
109774.00178 212138.80388
109654.08777 268080.06595
109544.16106 351125.98409
109424.24559 476701.73725
109314.32288 662445.21070
109194.40915 902454.94944
109084.48563 1113129.67111
108964.56166 1156008.57023
108854.64035 1001844.20886
108734.72445 772883.89285
108624.80067 579835.12299
108504.88100 451549.71254
108394.95776 377216.87799
108285.03322 341101.40885
108165.11780 327283.16076
108055.19811 317822.33777
107945.27177 309390.60445
107835.34696 313964.21773
107715.42831 339297.69785
107605.50674 388744.85447
107495.58141 472317.89145
107385.66030 610351.56489
107275.73679 827543.05366
107165.81161 1122843.01303
107055.88543 1381037.07254
106945.96623 1382340.34375
106836.04011 1132935.71839
106726.11513 849715.02548
106616.19191 639311.94414
106506.26393 501142.57184
106396.34638 406371.36028
106286.41826 335152.05228
106176.49471 281805.16868
106066.56926 244633.62676
105956.64973 221053.60113
105846.72260 210050.83486
105736.80282 212403.53587
105636.87228 228587.83406
105526.94844 253949.89966
105417.01980 275464.07248
105307.09414 283947.54436
105207.16397 282820.39012
105097.23964 280232.22651
104987.32039 283794.34401
104887.38696 304748.69158
104777.46594 346409.02749
104677.53405 398516.27196
104567.60698 452873.51122
104457.68842 483127.20583
104357.75554 440283.35752
104247.82805 344136.45165
104147.90279 252518.16043
104037.97596 186312.69421
103938.04690 141651.95551
103838.11748 111372.44035
103728.19299 90304.52352
103628.25660 75129.75953
103518.33259 63846.94290
103418.40528 55223.74213
103318.47373 48459.61289
103208.54823 43044.84972
103108.62258 38627.05999
103008.68771 34966.37357
102908.75774 31882.50677
102808.82642 29259.53478
102698.90179 27007.24142
102598.96889 25044.20602
102499.04315 23325.53349
102399.11173 21808.57481
102299.18186 20459.00939
102199.24753 19251.66408
102099.31589 18167.92203
101999.38755 17186.36828
101889.46220 16297.25304
101789.53530 15485.16680
101689.60025 14741.37710
101589.67084 14058.68011
101499.73566 13428.23879
101399.79948 12846.12802
101299.87054 12307.34725
101199.94289 11806.75486
101100.01059 11339.82610
101000.08079 10904.50120
100900.14751 10497.11571
100800.21789 10115.06251
100710.28058 9755.53313
100610.34651 9418.25128
100510.41775 9100.23000
100410.48844 8800.37044
100320.54700 8516.17629
100220.61767 8247.72469
100120.68954 7993.66838
100020.75676 7752.61628
